0    0.1706213413861959 0.8733742707856024 93000.0    239993.87271614905	8100000 23
1    0.2974522055724942 0.8177892194916588 46000.0    239993.87280310897	7500000 75
2    0.40791223038018776 0.3689773954675625 43000.0    32.404653552007844	2843454 241
3    0.47880764695162964 0.7722040666091051 11000.0    239993.87416621373	4174276 127
4    0.16694703707407466 0.5344209616376308 2000.0    47.943480059554666	7800000 181
5    0.4043616139603593 0.4583974597487548 5000.0    34.01307650790853	3533629 208
6    0.17296864573163728 0.7879029652639755 85000.0    239993.87268402177	8100000 47
7    0.8293689449635794 0.3816428313184198 48000.0    9.434238911314466	1428712 241
8    0.2674429391055325 0.7214270004061741 37000.0    30.677472246700123	6549124 151
9    0.6150444100108676 0.21004284525061642 62000.0    9.312653821047585	1400000 245
10    0.8602547919014187 0.28840598275334506 74000.0    9.062499554615489	1390337 249
11    0.18891587096682577 0.5718950184147639 31000.0    45.213757753433946	7700000 180
12    0.5953111862000046 0.14901596989597438 65000.0    5.2026795558182775	1400000 253
13    0.6109047031659871 0.29627985534599666 26000.0    28.742561573306798	1944193 245
14    0.3734226905629626 0.8877829915508928 42000.0    239993.87312817865	5728950 103
15    0.9235633846921257 0.13021735001810975 2000.0    23.58103560284873	900000 239
16    0.8684718252237904 0.7028550762685736 44000.0    25.13742845136663	2005600 162
17    0.43491981726984363 0.37482070022198233 69000.0    26.32569822535773	2690481 240
18    0.21237131346849109 0.4157272078099399 49000.0    20.72692783798957	6098401 217
19    0.6595828617612836 0.31967394446633907 77000.0    20.63328496815937	1754659 248
20    0.4892366175810402 0.7970973229353564 82000.0    239993.87279466636	4500643 106
21    0.4310746607550608 0.5884706160974801 87000.0    33.347979570830255	3628522 185
22    0.16206877316665663 0.661747488784437 100000.0    239993.87270296627	7800000 100
23    0.4433319813869924 0.3738761702743483 59000.0    27.642330256313496	2635341 240
24    0.6161290550871192 0.2598914105012784 82000.0    19.387343467031627	1876722 252
25    0.14474992447039423 0.6876769775444258 68000.0    239993.87274065928	7800000 91
26    0.06571728472746202 0.48510760035099465 80000.0    239993.87267088637	8000000 48
27    0.14114193026968294 0.49784506608715196 10000.0    32.43650976712269	7800000 151
28    0.8468564600115841 0.8178666059157628 40000.0    239993.87321742004	2758171 99
29    0.7459619435031115 0.7069794912108168 47000.0    43.623167009845865	2334122 161
30    0.5826243237314374 0.47718234188298236 41000.0    30.046760673426377	2460229 207
31    0.18182971189293295 0.175568906650659 24000.0    28.59464011171486	4600000 254
32    0.9451435217069885 0.20727939140060628 84000.0    20.690694693287664	900000 247
33    0.6491645750576565 0.6116545740764596 5000.0    25.4934148042796	2586148 173
34    0.46181529602273286 0.22467764825047773 43000.0    30.52139685756484	2000000 243
35    0.8694785336484951 0.6464370406311317 59000.0    24.84510514016612	2058842 163
36    0.1314234526970096 0.5528820205264295 49000.0    239993.87276074698	7500000 128
37    0.19233361112133057 0.48196355673279156 34000.0    43.7378576903917	7437618 199
38    0.85649135203437 0.21211553619130133 24000.0    21.17297663342125	1000000 243
39    0.3630732741216535 0.6072592878574379 67000.0    33.06150321566241	4563439 172
0    0.5953111862000046 0.14901596989597438 65000.0    5.2026795558182775	1400000 253
1    0.8602547919014187 0.28840598275334506 74000.0    9.062499554615489	1390337 249
2    0.6150444100108676 0.21004284525061642 62000.0    9.312653821047585	1400000 245
3    0.8293689449635794 0.3816428313184198 48000.0    9.434238911314466	1428712 241
4    0.6161290550871192 0.2598914105012784 82000.0    19.387343467031627	1876722 252
5    0.6595828617612836 0.31967394446633907 77000.0    20.63328496815937	1754659 248
6    0.9451435217069885 0.20727939140060628 84000.0    20.690694693287664	900000 247
7    0.21237131346849109 0.4157272078099399 49000.0    20.72692783798957	6098401 217
8    0.85649135203437 0.21211553619130133 24000.0    21.17297663342125	1000000 243
9    0.9235633846921257 0.13021735001810975 2000.0    23.58103560284873	900000 239
10    0.6024179214527371 0.14745193757473762 65766.0    6.9269575438321525	1400000 254
11    0.6055742209929539 0.15363517170367513 66410.0    14.651863166107988	1300000 242
12    0.5885841135867865 0.14968294670696602 67982.0    9.07128649691162	1400000 251
13    0.9023168950331756 0.3023931799432679 72032.0    14.240098638452977	1307475 245
14    0.8491043234355017 0.2902212657233053 70691.0    18.039408891304358	1406683 248
15    0.8387288170713103 0.30214712538388633 73399.0    25.443800243449854	1406997 245
16    0.6345133696213051 0.20047221004119056 64022.0    14.266984513325072	1300000 243
17    0.609498730200211 0.20016845024239274 62562.0    11.608072732870728	1400000 251
18    0.5970789937576857 0.21279018362294064 64896.0    12.057006432975054	1500000 250
19    0.8424147716737993 0.3720756567303835 45946.0    12.279389283455519	1382975 242
20    0.8702671167009958 0.3637414937812877 46482.0    14.337295993811129	1324463 245
21    0.817467509115115 0.3720004324883741 45798.0    9.852898811377804	1425018 242
22    0.5969007837562588 0.24983975124798435 78898.0    18.056390904123123	1800000 249
23    0.6278158257077514 0.26992819769129606 79685.0    24.592395776437336	1896959 249
24    0.6025264344008517 0.26485088246638233 80172.0    27.017428249750438	1954330 249
25    0.6665771979871405 0.30563943462433707 74487.0    21.26974824347483	1763249 246
26    0.6377238474067501 0.3328866433796814 75989.0    21.9608166231027	1796199 247
27    0.6771243933161875 0.3106209031725888 77168.0    20.541582814104366	1725837 246
28    0.9863911168232965 0.21123693999079748 83628.0    15.231023383139199	900000 254
29    0.9859872408032413 0.20267777037872178 81875.0    23.780551725054476	800000 235
30    0.9000322278525981 0.21601547064043503 80073.0    28.423566250158025	1000000 250
31    0.21129390110401058 0.4123709874857748 48837.0    39.675116277273844	6068672 220
32    0.21652010737608773 0.4104290687963016 49488.0    30.75197989809937	5888451 221
33    0.21057707470227632 0.4083202532297875 48394.0    31.277803583642815	6017572 222
34    0.882595828245705 0.21041668813375455 24387.0    17.719223993386336	1000000 251
35    0.8808686862009117 0.2163024518772897 22990.0    23.518984642910283	1000000 245
36    0.8565545442782758 0.2146378715436897 22993.0    21.173513624054305	1000000 240
37    0.9233102548925172 0.13059482596190936 2051.0    32.322069830915375	900000 240
38    0.9485172755865626 0.12410184364181065 1942.0    20.946678432214494	900000 239
39    0.9386946001327326 0.12727429624811704 2034.0    16.046013076450127	900000 240
0    0.5953111862000046 0.14901596989597438 65000.0    5.2026795558182775	1400000 253
1    0.6024179214527371 0.14745193757473762 65766.0    6.9269575438321525	1400000 254
2    0.8602547919014187 0.28840598275334506 74000.0    9.062499554615489	1390337 249
3    0.5885841135867865 0.14968294670696602 67982.0    9.07128649691162	1400000 251
4    0.6150444100108676 0.21004284525061642 62000.0    9.312653821047585	1400000 245
5    0.8293689449635794 0.3816428313184198 48000.0    9.434238911314466	1428712 241
6    0.817467509115115 0.3720004324883741 45798.0    9.852898811377804	1425018 242
7    0.609498730200211 0.20016845024239274 62562.0    11.608072732870728	1400000 251
8    0.5970789937576857 0.21279018362294064 64896.0    12.057006432975054	1500000 250
9    0.8424147716737993 0.3720756567303835 45946.0    12.279389283455519	1382975 242
10    0.6024179214527371 0.14745193757473762 67832.0    16.50418038458474	1400000 255
11    0.6055742209929539 0.15363517170367513 61755.0    12.193580925041568	1300000 241
12    0.5885841135867865 0.14968294670696602 63874.0    19.629019094756696	1400000 251
13    0.6318731072640906 0.1546031045068672 67516.0    9.661233054500242	1300000 252
14    0.5946094883004905 0.14838002855472252 65313.0    7.859533573627534	1400000 252
15    0.5873437444339313 0.15447730537751647 63983.0    8.426453219096164	1400000 253
16    0.887485778031214 0.27526471888475285 73090.0    21.520128823255614	1349894 249
17    0.8524981201004603 0.274847631870012 74251.0    12.794991597760275	1404897 250
18    0.8351267927378618 0.2921783027401589 71729.0    12.032990710060362	1427861 248
19    0.597842437517132 0.1459306349471718 68889.0    9.621359306850545	1400000 252
20    0.6176086078188975 0.14266191884356483 64872.0    14.687908354022252	1300000 240
21    0.580137937597419 0.1459011314814081 69558.0    10.075996446550922	1400000 244
22    0.5958499884873676 0.20191914810733905 60050.0    12.924013613988146	1400000 244
23    0.6267106070226003 0.21815452287205084 62754.0    5.468266152853348	1400000 240
24    0.601465735631676 0.21405106391579612 59517.0    12.298213147699832	1500000 251
25    0.8381637235921044 0.3648877276730182 46778.0    13.381193843514286	1376894 244
26    0.8018831069829612 0.39741681574828547 45820.0    21.970352091047523	1533194 234
27    0.851425918184332 0.3708348553441589 48648.0    14.329591801110986	1365821 242
28    0.8531431161126842 0.37910297064808707 45438.0    10.68975927891023	1382046 241
29    0.8527937982402942 0.36374198962668003 44006.0    11.908354101609119	1351601 246
30    0.7784501364376762 0.3876789098975831 47577.0    21.389332800025254	1541993 237
31    0.6064065919197257 0.1985524640660266 65225.0    9.17327239479391	1400000 251
32    0.6214056331488416 0.197617449837306 62838.0    9.755785706104074	1300000 241
33    0.6043493235697992 0.1966020764485401 62422.0    14.713767768990797	1400000 252
34    0.6152769993205135 0.21108593226726988 62211.0    6.053060116848718	1400000 243
35    0.6140729705445868 0.21699041606999592 62325.0    10.805220550678277	1500000 252
36    0.5971230464633143 0.21532054142902465 63483.0    10.970692314757867	1500000 248
37    0.8421838830462558 0.37315423504325523 47731.0    8.092799156933399	1385665 242
38    0.8651760966122253 0.35460155630610146 47967.0    9.286166784044385	1322768 247
39    0.8562164875189929 0.3636663421182325 46746.0    12.867021025920266	1346092 246
0    0.5953111862000046 0.14901596989597438 65000.0    5.2026795558182775	1400000 253
1    0.6267106070226003 0.21815452287205084 62754.0    5.468266152853348	1400000 240
2    0.6152769993205135 0.21108593226726988 62211.0    6.053060116848718	1400000 243
3    0.6024179214527371 0.14745193757473762 65766.0    6.9269575438321525	1400000 254
4    0.5946094883004905 0.14838002855472252 65313.0    7.859533573627534	1400000 252
5    0.8421838830462558 0.37315423504325523 47731.0    8.092799156933399	1385665 242
6    0.5873437444339313 0.15447730537751647 63983.0    8.426453219096164	1400000 253
7    0.8602547919014187 0.28840598275334506 74000.0    9.062499554615489	1390337 249
8    0.5885841135867865 0.14968294670696602 67982.0    9.07128649691162	1400000 251
9    0.6064065919197257 0.1985524640660266 65225.0    9.17327239479391	1400000 251
10    0.6024179214527371 0.14745193757473762 62716.0    13.783479479611422	1400000 254
11    0.6055742209929539 0.15363517170367513 66850.0    16.899684495623323	1300000 242
12    0.5885841135867865 0.14968294670696602 64799.0    11.292622108881414	1400000 251
13    0.6573535821440586 0.22873464433886018 62313.0    8.31046041449283	1500000 255
14    0.6185872964329372 0.219527629582282 60196.0    4.538470101933878	1500000 253
15    0.6110285592391612 0.22854852505489134 60590.0    17.33103542884921	1600000 253
16    0.6347533214429933 0.2014677686342209 62708.0    19.73147394368632	1300000 243
17    0.6097292223184708 0.20116250034365832 63091.0    14.859393292891406	1400000 250
18    0.597304789145306 0.21384691410830212 59372.0    14.964446083493574	1500000 249
19    0.6118938487323008 0.14375555364097328 63146.0    11.332306194829252	1300000 239
20    0.6321245939281014 0.14053555741921153 63600.0    15.57169164376483	1300000 244
21    0.5937732304624688 0.14372648992137305 64609.0    17.32048139041962	1400000 249
22    0.57605280365375 0.14264122601350204 64594.0    8.813593666135178	1400000 241
23    0.6058880745662149 0.1541103401759493 65479.0    9.247377014955301	1300000 243
24    0.5814819669491991 0.1512115441880368 64581.0    16.036190992722734	1400000 249
25    0.8511145536011182 0.3567718026462641 46555.0    9.869784449168733	1346322 247
26    0.8142733495016053 0.3885773705261793 46522.0    11.560623384734955	1477194 239
27    0.8645816680948828 0.3625866528012183 46052.0    10.87512493640471	1331615 246
28    0.6129763773707286 0.15742671312125003 65192.0    20.79283048910146	1300000 247
29    0.6127253953257182 0.15104789538636396 64343.0    12.730812766535632	1300000 243
30    0.5593100800854269 0.16098796700872994 63142.0    11.45404647914807	1400000 242
31    0.8558905059050631 0.28607764339343933 75972.0    14.046766770467961	1399446 247
32    0.8770603565576404 0.28473045957303217 71094.0    17.773177640079997	1366567 246
33    0.852986849394294 0.2832674929581935 70707.0    13.055790893235724	1405906 249
34    0.6065232088911363 0.14848412559359095 68695.0    5.439408349127038	1300000 240
35    0.6053363103111816 0.1526375151876413 71042.0    9.331322156833512	1300000 241
36    0.5886275395370621 0.15146287567826092 68680.0    16.804838909791936	1400000 251
37    0.6062403882983629 0.1991280308300303 67177.0    9.917553978771963	1400000 252
38    0.6227911781682121 0.18922767854507402 66644.0    12.683383534710027	1300000 247
39    0.6163416639884395 0.19406496237881216 68349.0    7.69703500383903	1300000 241
0    0.6185872964329372 0.219527629582282 60196.0    4.538470101933878	1500000 253
1    0.5953111862000046 0.14901596989597438 65000.0    5.2026795558182775	1400000 253
2    0.6065232088911363 0.14848412559359095 68695.0    5.439408349127038	1300000 240
3    0.6267106070226003 0.21815452287205084 62754.0    5.468266152853348	1400000 240
4    0.6152769993205135 0.21108593226726988 62211.0    6.053060116848718	1400000 243
5    0.6024179214527371 0.14745193757473762 65766.0    6.9269575438321525	1400000 254
6    0.6163416639884395 0.19406496237881216 68349.0    7.69703500383903	1300000 241
7    0.5946094883004905 0.14838002855472252 65313.0    7.859533573627534	1400000 252
8    0.8421838830462558 0.37315423504325523 47731.0    8.092799156933399	1385665 242
9    0.6573535821440586 0.22873464433886018 62313.0    8.31046041449283	1500000 255
10    0.6259718983829088 0.21722352547645452 60454.0    6.042575729958305	1400000 240
11    0.6292516062811899 0.2263325540753724 59415.0    12.953443260578863	1500000 247
12    0.6115972015763615 0.22051020774759916 59413.0    11.06689000934858	1500000 247
13    0.6244188886448664 0.1562429897222766 67254.0    15.97927137032167	1300000 250
14    0.5875948692766674 0.1499539051975302 64591.0    13.360871891617567	1400000 251
15    0.580414839523575 0.15611585623335406 62612.0    10.215407628239282	1400000 250
16    0.6257224336373393 0.14171842310679006 66848.0    14.701779128623981	1300000 242
17    0.6010543623176298 0.14150368830798668 69138.0    12.916625222604184	1400000 250
18    0.5888066964936781 0.15042628237325914 65274.0    9.536496261211523	1400000 251
19    0.6365686539464969 0.2126857383536138 60245.0    11.827452478665698	1400000 249
20    0.657615210084144 0.2079217674559632 65241.0    17.127932951822263	1300000 246
21    0.6177173162437187 0.21264273870242872 64590.0    12.137623836200206	1400000 243
22    0.5960753191061311 0.2029218922929512 63055.0    14.740985784635082	1400000 243
23    0.6269476080993722 0.21923789302998484 63295.0    13.25198833376695	1400000 238
24    0.6016931899389573 0.21511405601821704 63726.0    14.33105552742439	1500000 250
25    0.6088060702895202 0.14097841758683374 62770.0    11.325473874279371	1400000 253
26    0.582453391208121 0.15354639128011022 64287.0    10.284986439963026	1400000 250
27    0.6184391578902408 0.14327615627377474 67291.0    17.60550827759147	1300000 240
28    0.6432398131325947 0.19777021022365665 71625.0    14.621173463915481	1300000 248
29    0.6429764397797347 0.1897567028627098 65690.0    15.621357162704276	1200000 235
30    0.58692394140947 0.20224410106481433 65877.0    15.474880258370277	1400000 240
31    0.5915928868383189 0.14718213710528139 67336.0    11.064239587212606	1400000 251
32    0.6062255214745107 0.1464890336826959 62782.0    6.541131710784831	1300000 238
33    0.5895858748131343 0.14573636195927323 66366.0    15.901368111066379	1400000 248
34    0.867852290658699 0.3701656168649203 47522.0    8.164669031567477	1338686 242
35    0.8661540000800474 0.38051986864110043 48191.0    17.127871943932377	1364995 240
36    0.8422460196798887 0.37759153433704284 47305.0    7.8783085018748125	1396022 241
37    0.6571734149965969 0.22939770364500847 64653.0    6.85626390199605	1500000 254
38    0.6751147123921555 0.21799238782895372 64824.0    12.086960316267866	1300000 240
39    0.6681233450395335 0.22356499254318313 60235.0    6.4117906888328875	1400000 249
0    0.6185872964329372 0.219527629582282 60196.0    4.538470101933878	1500000 253
1    0.5953111862000046 0.14901596989597438 65000.0    5.2026795558182775	1400000 253
2    0.6065232088911363 0.14848412559359095 68695.0    5.439408349127038	1300000 240
3    0.6267106070226003 0.21815452287205084 62754.0    5.468266152853348	1400000 240
4    0.6259718983829088 0.21722352547645452 60454.0    6.042575729958305	1400000 240
5    0.6152769993205135 0.21108593226726988 62211.0    6.053060116848718	1400000 243
6    0.6681233450395335 0.22356499254318313 60235.0    6.4117906888328875	1400000 249
7    0.6062255214745107 0.1464890336826959 62782.0    6.541131710784831	1300000 238
8    0.6571734149965969 0.22939770364500847 64653.0    6.85626390199605	1500000 254
9    0.6024179214527371 0.14745193757473762 65766.0    6.9269575438321525	1400000 254
10    0.6259718983829088 0.21722352547645452 62695.0    12.326186467409098	1400000 241
11    0.6292516062811899 0.2263325540753724 58756.0    12.38538404303292	1500000 248
12    0.6115972015763615 0.22051020774759916 61297.0    13.270509455418589	1500000 248
13    0.6244188886448664 0.1562429897222766 67153.0    19.17633515050189	1300000 250
14    0.5875948692766674 0.1499539051975302 63129.0    3.2437348138401316	1400000 250
15    0.580414839523575 0.15611585623335406 65576.0    15.381502394742265	1400000 250
16    0.6257224336373393 0.14171842310679006 67466.0    10.986070695697874	1300000 242
17    0.6010543623176298 0.14150368830798668 70743.0    11.122905191903623	1400000 251
18    0.5888066964936781 0.15042628237325914 70916.0    14.275022896305352	1400000 251
19    0.6365686539464969 0.2126857383536138 60612.0    6.983821849005558	1400000 249
20    0.657615210084144 0.2079217674559632 64035.0    13.78062928978674	1300000 245
21    0.6177173162437187 0.21264273870242872 64092.0    7.605959107758032	1400000 244
22    0.6064364497488585 0.2088221056077597 59540.0    10.159687243280773	1400000 242
23    0.637845368609578 0.22561251491503326 63060.0    11.74379880906733	1500000 253
24    0.6121519718209947 0.22136877207265251 57892.0    12.826813207915922	1500000 248
25    0.621801508149916 0.20181871595141182 62555.0    12.245071516727172	1400000 255
26    0.5948863106900546 0.21981049339015263 60481.0    13.320503834026338	1500000 243
27    0.6316402214784803 0.20510806108187968 63712.0    8.261684201229976	1300000 238
28    0.6972813306692416 0.22783347922233108 62088.0    8.606675776392217	1400000 255
29    0.6969958301168883 0.2186018297198425 61028.0    18.272649267349667	1300000 247
30    0.6362341050914861 0.23298745117214673 61131.0    13.884592979993142	1500000 242
31    0.6031499889940037 0.1453064084831012 62091.0    8.249577693708982	1400000 254
32    0.6180684804365563 0.1446221381563889 60031.0    11.81153242839703	1300000 242
33    0.6011037688520233 0.14387905868323855 64504.0    9.159311171984504	1400000 252
34    0.6772030016792328 0.22756044150834187 66975.0    10.406732667329305	1400000 249
35    0.6758777905920863 0.23392574935522356 61957.0    9.255562044690347	1500000 255
36    0.6572219014905122 0.23212554691405915 63438.0    5.600560054872129	1500000 252
37    0.60225281104422 0.14787937339103524 65240.0    8.39351173094051	1400000 255
38    0.6186947372446454 0.14052702884091253 64628.0    7.960468318148065	1300000 238
39    0.6122876450752501 0.14411936337696973 66380.0    20.599252992324203	1300000 239
0    0.5875948692766674 0.1499539051975302 63129.0    3.2437348138401316	1400000 250
1    0.6185872964329372 0.219527629582282 60196.0    4.538470101933878	1500000 253
2    0.5953111862000046 0.14901596989597438 65000.0    5.2026795558182775	1400000 253
3    0.6065232088911363 0.14848412559359095 68695.0    5.439408349127038	1300000 240
4    0.6267106070226003 0.21815452287205084 62754.0    5.468266152853348	1400000 240
5    0.6572219014905122 0.23212554691405915 63438.0    5.600560054872129	1500000 252
6    0.6259718983829088 0.21722352547645452 60454.0    6.042575729958305	1400000 240
7    0.6152769993205135 0.21108593226726988 62211.0    6.053060116848718	1400000 243
8    0.6681233450395335 0.22356499254318313 60235.0    6.4117906888328875	1400000 249
9    0.6062255214745107 0.1464890336826959 62782.0    6.541131710784831	1300000 238
10    0.5946094883004905 0.14838002855472252 65999.0    8.998694119470409	1400000 252
11    0.5977248764516357 0.1546021811537499 62598.0    13.722971363872565	1300000 239
12    0.5809549917732562 0.15062508008941738 65220.0    11.197077354054489	1400000 248
13    0.6488330828017023 0.23017434437748022 62258.0    14.125699949644394	1500000 250
14    0.6105692787395435 0.22090937889140527 60913.0    7.72650162132055	1500000 247
15    0.6031085165428437 0.2299870536227834 61224.0    9.086249022731902	1600000 248
16    0.6141554993115809 0.14222603384006402 66416.0    7.369380596717638	1300000 239
17    0.5899434352333562 0.1420105298985741 67692.0    9.447624312456892	1400000 246
18    0.5779221764209065 0.15096508314330181 64629.0    6.426976954258864	1400000 247
19    0.6160637116154911 0.14476186635922178 69734.0    13.784659788446408	1300000 241
20    0.6364323229357282 0.1415193296298511 69093.0    17.78193268973514	1300000 247
21    0.5978196070682592 0.14473259918876394 69988.0    5.516475027690805	1400000 251
22    0.6071521046305083 0.20971709539322306 61275.0    7.36339522859893	1400000 243
23    0.6385980891163552 0.22657946664523432 63800.0    11.577140684484762	1500000 251
24    0.6128743715829593 0.22231753556322728 63894.0    14.226906450349391	1500000 246
25    0.6641912016656968 0.22193463730400648 66447.0    8.725714030717105	1400000 249
26    0.6354411309282924 0.24171971314049467 61805.0    14.9128292855316	1600000 247
27    0.6747006435742358 0.22555184205658174 64586.0    14.154231348448386	1400000 250
28    0.6532903265641152 0.22137093565166208 61726.0    9.803585803454553	1400000 247
29    0.6530228380471028 0.212401143788984 61179.0    8.202600353234827	1300000 238
30    0.5960945288575465 0.22637871412542945 58236.0    12.54534641800426	1600000 250
31    0.6121555464471398 0.20938180782530014 60119.0    6.567611240644377	1400000 244
32    0.627296784029544 0.20839579654373377 59137.0    10.627730407380456	1400000 251
33    0.6100787744467715 0.20732504319520417 59156.0    13.951300099146666	1400000 246
34    0.6884866679445408 0.2217744449947239 61043.0    12.764474674418956	1300000 241
35    0.6871393759752934 0.22797790727316652 61181.0    10.960035592134215	1400000 252
36    0.6681726394232756 0.22622347713310748 62543.0    11.035782856418997	1400000 246
37    0.6060593674808468 0.1469136782192187 64368.0    13.161012496376799	1300000 238
38    0.6226052153547968 0.13960934661012198 61306.0    13.950388411276286	1300000 239
39    0.6161576269726979 0.14317822216040266 63325.0    20.37401317072218	1300000 240
0    0.5875948692766674 0.1499539051975302 63129.0    3.2437348138401316	1400000 250
1    0.6185872964329372 0.219527629582282 60196.0    4.538470101933878	1500000 253
2    0.5953111862000046 0.14901596989597438 65000.0    5.2026795558182775	1400000 253
3    0.6065232088911363 0.14848412559359095 68695.0    5.439408349127038	1300000 240
4    0.6267106070226003 0.21815452287205084 62754.0    5.468266152853348	1400000 240
5    0.5978196070682592 0.14473259918876394 69988.0    5.516475027690805	1400000 251
6    0.6572219014905122 0.23212554691405915 63438.0    5.600560054872129	1500000 252
7    0.6259718983829088 0.21722352547645452 60454.0    6.042575729958305	1400000 240
8    0.6152769993205135 0.21108593226726988 62211.0    6.053060116848718	1400000 243
9    0.6681233450395335 0.22356499254318313 60235.0    6.4117906888328875	1400000 249
10    0.5946094883004905 0.14838002855472252 63818.0    14.073283799944571	1400000 253
11    0.5977248764516357 0.1546021811537499 61937.0    11.385338479513017	1300000 239
12    0.5809549917732562 0.15062508008941738 65701.0    6.820250593217206	1400000 247
13    0.6488330828017023 0.23017434437748022 58299.0    9.07425032015149	1500000 251
14    0.6105692787395435 0.22090937889140527 58045.0    11.335141317819653	1500000 248
15    0.6031085165428437 0.2299870536227834 58626.0    20.153606834154452	1600000 248
16    0.6141554993115809 0.14222603384006402 64953.0    9.577370944781261	1300000 238
17    0.5899434352333562 0.1420105298985741 66772.0    3.839359516073272	1400000 246
18    0.5779221764209065 0.15096508314330181 64983.0    10.009241934739592	1400000 247
19    0.6160637116154911 0.14476186635922178 72122.0    14.657059400883858	1300000 240
20    0.6364323229357282 0.1415193296298511 71843.0    6.937393830152074	1300000 246
21    0.5978196070682592 0.14473259918876394 67964.0    10.066936328655375	1400000 251
22    0.6071521046305083 0.20971709539322306 60980.0    8.611402554812376	1400000 242
23    0.6385980891163552 0.22657946664523432 63139.0    5.242724866125636	1500000 252
24    0.6128743715829593 0.22231753556322728 64929.0    11.210835992334331	1500000 245
25    0.6041589945457926 0.13837846516272004 71283.0    9.146495281393744	1400000 249
26    0.5780074680180847 0.15071465774914794 72605.0    13.519414962435432	1400000 246
27    0.6137185518551592 0.140633828489153 70335.0    14.5190082168321	1300000 237
28    0.6859041304553687 0.23655747873675365 66216.0    13.044474309235516	1400000 238
29    0.6856232882766192 0.22697233901828834 62445.0    9.407912903632507	1400000 251
30    0.6258529827551509 0.24190880205451143 61477.0    15.217075411032495	1600000 242
31    0.6227961876330897 0.2154698514387808 61088.0    19.527170233747007	1400000 243
32    0.6382006140033122 0.21445517061926408 59765.0    12.027471955437397	1400000 249
33    0.6206833166611297 0.2133532837489026 60494.0    7.252570359054852	1400000 242
34    0.6340296507675994 0.20939533037904096 63694.0    13.994446528913151	1400000 253
35    0.6327889251348227 0.21525252476101459 61854.0    12.573311751265605	1400000 246
36    0.6153223946816206 0.2135960242619902 61711.0    11.394429070493203	1400000 241
37    0.6679402261207383 0.22421306598768997 62733.0    17.46621230301651	1400000 248
38    0.6861754650482761 0.21306552271658202 60993.0    16.53222159342309	1300000 250
39    0.6790695545171452 0.2185121805019989 58014.0    12.547277182573993	1300000 242
0    0.5875948692766674 0.1499539051975302 63129.0    3.2437348138401316	1400000 250
1    0.5899434352333562 0.1420105298985741 66772.0    3.839359516073272	1400000 246
2    0.6185872964329372 0.219527629582282 60196.0    4.538470101933878	1500000 253
3    0.5953111862000046 0.14901596989597438 65000.0    5.2026795558182775	1400000 253
4    0.6385980891163552 0.22657946664523432 63139.0    5.242724866125636	1500000 252
5    0.6065232088911363 0.14848412559359095 68695.0    5.439408349127038	1300000 240
6    0.6267106070226003 0.21815452287205084 62754.0    5.468266152853348	1400000 240
7    0.5978196070682592 0.14473259918876394 69988.0    5.516475027690805	1400000 251
8    0.6572219014905122 0.23212554691405915 63438.0    5.600560054872129	1500000 252
9    0.6259718983829088 0.21722352547645452 60454.0    6.042575729958305	1400000 240
10    0.5946094883004905 0.14838002855472252 60448.0    8.687150907687974	1400000 252
11    0.5977248764516357 0.1546021811537499 64964.0    12.909916453447957	1300000 239
12    0.5809549917732562 0.15062508008941738 63532.0    14.43055667270496	1400000 247
13    0.6187886818373786 0.1488977978594318 65243.0    14.053819729787062	1300000 245
14    0.5822966941362161 0.1429043716074695 64589.0    12.122956542685722	1400000 244
15    0.5751814046610508 0.1487766410858165 65681.0    7.005553388408147	1400000 244
16    0.6381684045509181 0.20952481868617592 57748.0    14.4200439064398	1400000 253
17    0.6130096714271327 0.20920734218030917 62249.0    2.9332514415013184	1400000 244
18    0.6005183926457264 0.22239902793825628 60950.0    11.963003259708712	1500000 242
19    0.6046753257918985 0.1452803781766821 65441.0    15.807750940713488	1400000 254
20    0.6246674085160957 0.14202622724493194 65819.0    15.03387637573362	1300000 243
21    0.586768476787677 0.14525100617631204 67779.0    15.976961822145428	1400000 247
22    0.6186685999492487 0.21781619282976591 62696.0    11.209368915837851	1500000 255
23    0.6507110536400321 0.23532977464486995 64571.0    20.539874243803727	1500000 244
24    0.6244994071835631 0.23090325137720305 65447.0    18.713197613328564	1500000 241
25    0.6129548909400638 0.1419652898920978 65866.0    10.906252421293617	1400000 255
26    0.5864226266927053 0.15462124148570458 67899.0    7.95616893228025	1400000 252
27    0.622653624983415 0.14427911313094177 68208.0    22.32921928804092	1300000 242
28    0.6540612736460952 0.22231970841511103 65362.0    18.275008589465124	1400000 246
29    0.6537934694662247 0.21331147295915787 63926.0    13.336444885122928	1300000 238
30    0.5967979792515298 0.22734894970560865 62060.0    14.10441308149019	1600000 250
31    0.594786719877119 0.14356415391541863 67687.0    9.541095179975908	1400000 249
32    0.6094983517307986 0.1428880881346358 72544.0    10.180727101442681	1400000 254
33    0.5927688725943479 0.1421539183415179 66693.0    9.211511210633539	1400000 247
34    0.6772529659633488 0.23026643729124358 61609.0    11.13651236769958	1400000 245
35    0.6759276571016456 0.23670743709968223 64741.0    6.3153264107232046	1500000 251
36    0.6572703915617787 0.23488582786135276 60770.0    10.708532399427709	1500000 248
37    0.6258003323119443 0.2178532161842081 60869.0    20.04255946878554	1400000 240
38    0.642885122438925 0.20702187527432186 62242.0    11.903746947187567	1300000 242
39    0.6362275189620582 0.21231403748967181 60761.0    15.102298594224216	1400000 250
0    0.6130096714271327 0.20920734218030917 62249.0    2.9332514415013184	1400000 244
1    0.5875948692766674 0.1499539051975302 63129.0    3.2437348138401316	1400000 250
2    0.5899434352333562 0.1420105298985741 66772.0    3.839359516073272	1400000 246
3    0.6185872964329372 0.219527629582282 60196.0    4.538470101933878	1500000 253
4    0.5953111862000046 0.14901596989597438 65000.0    5.2026795558182775	1400000 253
5    0.6385980891163552 0.22657946664523432 63139.0    5.242724866125636	1500000 252
6    0.6065232088911363 0.14848412559359095 68695.0    5.439408349127038	1300000 240
7    0.6267106070226003 0.21815452287205084 62754.0    5.468266152853348	1400000 240
8    0.5978196070682592 0.14473259918876394 69988.0    5.516475027690805	1400000 251
9    0.6572219014905122 0.23212554691405915 63438.0    5.600560054872129	1500000 252
10    0.6203276885300963 0.20701155708936586 59856.0    6.159778342704161	1400000 249
11    0.6235778242388244 0.21569235807396245 65067.0    14.769566674556655	1400000 242
12    0.6060826042597609 0.2101437280322475 60917.0    11.18363272879406	1400000 241
13    0.6163252828981688 0.15722641328274095 63336.0    13.798032772760319	1300000 247
14    0.5799785698706247 0.15089774404506517 63846.0    16.351025942244732	1400000 248
15    0.572891606376622 0.15709847959107934 66102.0    11.20674237729824	1400000 247
16    0.608617834554859 0.13553979781562767 63884.0    8.313085231285395	1400000 249
17    0.5846240837443389 0.13533442500258233 69454.0    5.658789545602482	1500000 255
18    0.5727112171897647 0.14386801272594169 66291.0    12.559840502956206	1400000 239
19    0.6283175651190428 0.2140244234776215 60982.0    10.074397780517744	1400000 246
20    0.6490913195673087 0.2092304672268332 60979.0    14.260054455432423	1300000 240
21    0.6097105750776483 0.21398115317832517 57187.0    8.555416021618061	1500000 254
22    0.5767326028333566 0.14325257144504291 67166.0    12.802641822889692	1400000 242
23    0.6066030823110103 0.15477084103571379 64933.0    15.245998881715458	1300000 242
24    0.582168173077493 0.15185962111025036 67420.0    8.443354017580942	1400000 249
25    0.6453698990092661 0.21663204424915303 60062.0    14.63306879737327	1400000 249
26    0.6174345240723864 0.2359444034020503 64936.0    14.802533882819327	1600000 247
27    0.655581533017889 0.22016282461555772 61267.0    13.68856836109038	1400000 250
28    0.6329928647417123 0.15131910662059028 65600.0    19.760941219068787	1300000 252
29    0.632733686982936 0.14518776472949008 65931.0    13.35206618199986	1300000 248
30    0.5775741169517661 0.15474219629843622 67504.0    19.179690047050997	1400000 249
31    0.6235311486205718 0.21639333277018372 65666.0    11.003056023383433	1400000 241
32    0.638953753734726 0.21537430313440387 61712.0    17.649772581125667	1400000 249
33    0.62141578425227 0.21426769369173213 61202.0    12.55882452732227	1400000 243
34    0.6160401853313271 0.14357342575238832 73369.0    6.471527775272897	1300000 241
35    0.6148346630851106 0.1475894535271976 67927.0    13.266772289299542	1300000 242
36    0.5978637144166076 0.1464536619554612 72496.0    12.714082963781161	1400000 252
37    0.6570417704340195 0.23279843581779738 64830.0    15.054359281740734	1500000 249
38    0.6749794738402385 0.22122404060896678 64648.0    12.762052250243501	1300000 236
39    0.6679895069938998 0.22687925703132053 64881.0    6.9712486988090205	1400000 246
