0    0.1706213413861959 0.8733742707856024 33000.0    240002.73714051425	8000000 11
1    0.2974522055724942 0.8177892194916588 81000.0    240002.73697597368	7851688 79
2    0.40791223038018776 0.3689773954675625 95000.0    27.195499255787546	2843454 242
3    0.47880764695162964 0.7722040666091051 91000.0    240002.73705938665	4174276 127
4    0.16694703707407466 0.5344209616376308 84000.0    15.76721694601667	7500000 174
5    0.4043616139603593 0.4583974597487548 3000.0    29.801498559008195	3533629 208
6    0.17296864573163728 0.7879029652639755 19000.0    240002.73715416773	8100000 40
7    0.8293689449635794 0.3816428313184198 84000.0    35.39577056938061	1428712 240
8    0.2674429391055325 0.7214270004061741 54000.0    25.14212030908831	6549124 150
9    0.6150444100108676 0.21004284525061642 4000.0    35.69814482610287	1400000 244
10    0.8602547919014187 0.28840598275334506 15000.0    37.32511012113236	1390337 247
11    0.18891587096682577 0.5718950184147639 67000.0    33.155785338017836	7600000 176
12    0.5953111862000046 0.14901596989597438 73000.0    35.4784742037765	1400000 252
13    0.6109047031659871 0.29627985534599666 100000.0    36.2894827895928	1944193 245
14    0.3734226905629626 0.8877829915508928 2000.0    240002.74751797158	5728952 103
15    0.9235633846921257 0.13021735001810975 19000.0    33.118842062438866	900000 239
16    0.8684718252237904 0.7028550762685736 57000.0    30.170253898708715	2005600 161
17    0.43491981726984363 0.37482070022198233 45000.0    34.61651274047759	2690481 240
18    0.21237131346849109 0.4157272078099399 31000.0    33.54787992047693	6098401 218
19    0.6595828617612836 0.31967394446633907 74000.0    39.57897194461079	1754659 247
20    0.4892366175810402 0.7970973229353564 15000.0    240002.73782150756	4500643 106
21    0.4310746607550608 0.5884706160974801 17000.0    35.75958009038635	3628522 184
22    0.16206877316665663 0.661747488784437 38000.0    240002.73708808457	8000000 104
23    0.4433319813869924 0.3738761702743483 91000.0    31.804090783898967	2635341 241
24    0.6161290550871192 0.2598914105012784 29000.0    39.980509184591995	1876722 251
25    0.14474992447039423 0.6876769775444258 34000.0    240002.73711175306	7700000 88
26    0.06571728472746202 0.48510760035099465 30000.0    240002.7370054111	8000000 44
27    0.14114193026968294 0.49784506608715196 78000.0    240002.73698494493	7400000 142
28    0.8468564600115841 0.8178666059157628 85000.0    240002.73715323003	2758171 98
29    0.7459619435031115 0.7069794912108168 10000.0    29.434552628371147	2334122 161
30    0.5826243237314374 0.47718234188298236 78000.0    31.90791548897529	2460229 208
31    0.18182971189293295 0.175568906650659 5000.0    30.803961465493273	4600000 254
32    0.9451435217069885 0.20727939140060628 29000.0    42.945217878133185	900000 246
33    0.6491645750576565 0.6116545740764596 76000.0    33.99194241041993	2586148 174
34    0.46181529602273286 0.22467764825047773 89000.0    34.14921674503778	2000000 244
35    0.8694785336484951 0.6464370406311317 58000.0    32.951720866710986	2058842 162
36    0.1314234526970096 0.5528820205264295 19000.0    240002.73723277572	7800000 134
37    0.19233361112133057 0.48196355673279156 75000.0    32.45814080532336	7437618 199
38    0.85649135203437 0.21211553619130133 68000.0    43.52379160397067	1000000 243
39    0.3630732741216535 0.6072592878574379 18000.0    31.468622362498373	4563439 172
0    0.16694703707407466 0.5344209616376308 84000.0    15.76721694601667	7500000 174
1    0.2674429391055325 0.7214270004061741 54000.0    25.14212030908831	6549124 150
2    0.40791223038018776 0.3689773954675625 95000.0    27.195499255787546	2843454 242
3    0.7459619435031115 0.7069794912108168 10000.0    29.434552628371147	2334122 161
4    0.4043616139603593 0.4583974597487548 3000.0    29.801498559008195	3533629 208
5    0.8684718252237904 0.7028550762685736 57000.0    30.170253898708715	2005600 161
6    0.18182971189293295 0.175568906650659 5000.0    30.803961465493273	4600000 254
7    0.3630732741216535 0.6072592878574379 18000.0    31.468622362498373	4563439 172
8    0.4433319813869924 0.3738761702743483 91000.0    31.804090783898967	2635341 241
9    0.5826243237314374 0.47718234188298236 78000.0    31.90791548897529	2460229 208
10    0.16894002565083385 0.5288118201628534 81901.0    23.84009515214275	7500000 178
11    0.16982516752045163 0.5509869597235607 80491.0    30.475585987918173	7500000 171
12    0.1650605197920332 0.5368129629041325 80120.0    27.809157041992588	7900000 181
13    0.28051954453966554 0.7564149767875298 55275.0    240002.73708282746	6742403 133
14    0.2639763916512172 0.7259678013126062 52190.0    240002.73713935408	6666146 149
15    0.2607507706574483 0.7557994888527225 55486.0    240002.73706839702	7239350 132
16    0.4208245121741724 0.35216488253321043 91247.0    32.43693765615131	2716490 246
17    0.40423420228381113 0.3516312747386938 97627.0    32.79883850747696	2827420 244
18    0.3959971346663442 0.37380358107687833 91785.0    31.554620215106297	2950007 239
19    0.7576957928429706 0.6892566475792234 9948.0    36.329923341316736	2312465 161
20    0.7827471159649366 0.6738179132498897 9862.0    30.24141992709182	2264574 161
21    0.7352573972696038 0.6891172974015748 10147.0    32.54338983335999	2383251 161
22    0.39174222072639625 0.44066830487178976 2992.0    34.72723678378418	3545828 213
23    0.41203156782980493 0.4761003832238664 2938.0    30.817844575543184	3480040 206
24    0.3954342997728926 0.46714499529105635 3067.0    38.717282339347975	3628784 206
25    0.8776812578826052 0.6719979274263068 55348.0    32.52339344269511	2022476 161
26    0.8396900918061242 0.7319053403367131 58849.0    30.365032681567886	2113671 157
27    0.8915687351192779 0.6829504949314751 59194.0    32.0680627966601	1973991 160
28    0.18976505521807058 0.1789210125899024 5179.0    45.091885829746985	4400000 254
29    0.18968735626687377 0.17167126122544868 5059.0    40.80347500346004	4400000 255
30    0.17315105793586316 0.18296850325399872 4946.0    40.882792670347825	4800000 250
31    0.36123131332025216 0.6023568039072488 18201.0    32.145931966590325	4518125 175
32    0.3701661161966288 0.5995202126563205 17974.0    32.8670728257111	4370509 177
33    0.3600058158441388 0.596439832505379 18331.0    40.26054338132763	4451258 178
34    0.4568440257694048 0.3708817700666201 93235.0    35.007385058650364	2545671 241
35    0.4559500327325384 0.38125605403980306 88083.0    34.71608501827728	2596806 238
36    0.4433646905820503 0.37832205433655136 95183.0    33.56590153781167	2655525 240
37    0.582464638342478 0.4785656049799639 80111.0    33.03946642510458	2459655 209
38    0.5983663334817328 0.45477202824937774 78176.0    35.56616743431378	2379441 210
39    0.5921697586300471 0.4663975018439449 78283.0    32.89812948991549	2422846 209
0    0.16694703707407466 0.5344209616376308 84000.0    15.76721694601667	7500000 174
1    0.16894002565083385 0.5288118201628534 81901.0    23.84009515214275	7500000 178
2    0.2674429391055325 0.7214270004061741 54000.0    25.14212030908831	6549124 150
3    0.40791223038018776 0.3689773954675625 95000.0    27.195499255787546	2843454 242
4    0.1650605197920332 0.5368129629041325 80120.0    27.809157041992588	7900000 181
5    0.7459619435031115 0.7069794912108168 10000.0    29.434552628371147	2334122 161
6    0.4043616139603593 0.4583974597487548 3000.0    29.801498559008195	3533629 208
7    0.8684718252237904 0.7028550762685736 57000.0    30.170253898708715	2005600 161
8    0.7827471159649366 0.6738179132498897 9862.0    30.24141992709182	2264574 161
9    0.8396900918061242 0.7319053403367131 58849.0    30.365032681567886	2113671 157
10    0.16894002565083385 0.5288118201628534 85654.0    14.964092487554034	7600000 180
11    0.16982516752045163 0.5509869597235607 80179.0    27.844315317973887	7400000 168
12    0.1650605197920332 0.5368129629041325 87489.0    25.894408619652133	7700000 175
13    0.17720033741997923 0.5544582895403826 78774.0    31.140352445202613	7400000 174
14    0.16675025531025003 0.5321402639152712 81450.0    4.114192829675854	7800000 181
15    0.1647126749005756 0.5540071319112524 83918.0    21.897048456524494	7600000 165
16    0.2759087274206402 0.6885550659069077 52850.0    23.41730737759457	6353350 152
17    0.26503148249563657 0.6875117524808816 54003.0    22.476389601900294	6618722 152
18    0.2596309443181636 0.7308631898592439 52401.0    240002.73712571524	6824221 147
19    0.4143286175656917 0.35972772307287315 92504.0    38.274947015814845	2771579 244
20    0.4280273607491143 0.3516701428276571 96327.0    30.895037594826878	2670286 245
21    0.40205869406061046 0.3596549952692438 95600.0    37.9386321729619	2855992 244
22    0.15990928007306668 0.516050980138115 78261.0    19.450871109376877	7700000 171
23    0.1681913970285548 0.5575442270083193 79979.0    32.968578246559154	7800000 171
24    0.16141638773484315 0.5470568906849406 80441.0    31.74104658375752	7400000 160
25    0.7538722591693224 0.6759412699255143 9543.0    31.093898438562622	2347380 160
26    0.7212402689777482 0.7362002247644082 9918.0    28.645002393757977	2480955 154
27    0.7658007169602866 0.686958108052891 9770.0    31.24377152529992	2291505 161
28    0.42200861015739244 0.46714956099875204 3103.0    34.75822118319145	3400279 207
29    0.42183581951178295 0.4482209951571468 2956.0    36.21722769011057	3343685 211
30    0.38506160801220823 0.4777172604517667 2953.0    37.3665510200519	3721800 206
31    0.8640658521786697 0.6971808349689913 57562.0    33.31263394132385	2019248 162
32    0.8854379142805517 0.6938977027059207 57556.0    31.835803890643344	1973507 161
33    0.8611344603474697 0.690332403880167 54874.0    31.09375871051593	2033317 161
34    0.8066039866965139 0.6684212587962884 9396.0    32.93503804791898	2206529 160
35    0.8050255522485622 0.6871183005819215 9776.0    34.619199596176095	2179610 161
36    0.7828048673322461 0.681830502870529 9704.0    40.35160898513833	2250180 161
37    0.8394599499575027 0.7340269981578648 56166.0    39.58848541883368	2122317 157
38    0.8623777982303613 0.6975322573715472 56176.0    29.17570650691279	2022915 162
39    0.8534471678152569 0.7153634834270447 57520.0    29.771979791989672	2044087 161
0    0.16675025531025003 0.5321402639152712 81450.0    4.114192829675854	7800000 181
1    0.16894002565083385 0.5288118201628534 85654.0    14.964092487554034	7600000 180
2    0.16694703707407466 0.5344209616376308 84000.0    15.76721694601667	7500000 174
3    0.15990928007306668 0.516050980138115 78261.0    19.450871109376877	7700000 171
4    0.1647126749005756 0.5540071319112524 83918.0    21.897048456524494	7600000 165
5    0.26503148249563657 0.6875117524808816 54003.0    22.476389601900294	6618722 152
6    0.2759087274206402 0.6885550659069077 52850.0    23.41730737759457	6353350 152
7    0.16894002565083385 0.5288118201628534 81901.0    23.84009515214275	7500000 178
8    0.2674429391055325 0.7214270004061741 54000.0    25.14212030908831	6549124 150
9    0.1650605197920332 0.5368129629041325 87489.0    25.894408619652133	7700000 175
10    0.16874089473595935 0.5265550600423176 81341.0    29.259709685796285	7700000 182
11    0.16962499328200942 0.5486355648601546 83066.0    26.106471598436094	7600000 174
12    0.1648659616807199 0.534522057064517 82679.0    29.46685515795708	7900000 181
13    0.17720033741997923 0.5544582895403826 88116.0    25.983623331106003	7600000 178
14    0.16675025531025003 0.5321402639152712 85223.0    28.786755639150904	7600000 176
15    0.1647126749005756 0.5540071319112524 84121.0    39.55569236853779	7700000 169
16    0.17223167192153216 0.5100699866448782 80430.0    23.185384068980998	7700000 187
17    0.16544172331480597 0.5092971176448098 81748.0    14.109584838340531	7400000 171
18    0.16207052252577048 0.5414111317294976 83678.0    29.574237719093734	7700000 172
19    0.16242462474549213 0.5031144085110449 80159.0    12.484546255559158	7800000 177
20    0.167794790181143 0.4918450943629081 77110.0    19.174927206372573	7800000 181
21    0.15761458354515737 0.5030126915635917 77540.0    31.159966941674078	7800000 171
22    0.15957229079034685 0.5325801409109505 85982.0    20.32072853206596	7700000 171
23    0.16783695419560346 0.575402420328135 79745.0    29.572340070153665	7700000 155
24    0.16107622240674502 0.5645791736493074 83721.0    20.82251135707157	7900000 161
25    0.26784192437713394 0.6573282150868887 54509.0    43.73722450785482	6684934 152
26    0.25624816304308823 0.7159278493888694 55031.0    19.141870457637506	6809794 151
27    0.2720799647755215 0.6680416880828011 55226.0    27.368354257155648	6543193 151
28    0.2879498314607423 0.7017015254364146 52338.0    40.778664732372924	6050445 154
29    0.28783193093434617 0.673269081880263 55204.0    20.51831175933049	6161054 153
30    0.2627397225088951 0.71757518014066 54659.0    14.87178572290571	6647595 152
31    0.16808295098514994 0.5245426529177288 79067.0    19.01288533897651	7600000 179
32    0.17224036474900206 0.5220725005257352 78984.0    33.16159320082274	7900000 191
33    0.16751272015350727 0.5193900525714845 79665.0    21.607390404307942	7900000 186
34    0.2755941689167703 0.7156490414678128 52915.0    29.68475963121101	6330893 153
35    0.2750548617263181 0.7356671361290567 56309.0    240002.73711320313	6498266 145
36    0.2674626711429883 0.7300057252839731 54953.0    240002.7371227361	6615505 147
37    0.1650152800857058 0.5383690841106223 90880.0    27.451508334172193	7600000 173
38    0.1695203135323865 0.5116021665159117 84738.0    26.896438231890215	7600000 181
39    0.16776479145016568 0.5246804059596374 83917.0    22.037190430695446	7900000 184
0    0.16675025531025003 0.5321402639152712 81450.0    4.114192829675854	7800000 181
1    0.16242462474549213 0.5031144085110449 80159.0    12.484546255559158	7800000 177
2    0.16544172331480597 0.5092971176448098 81748.0    14.109584838340531	7400000 171
3    0.2627397225088951 0.71757518014066 54659.0    14.87178572290571	6647595 152
4    0.16894002565083385 0.5288118201628534 85654.0    14.964092487554034	7600000 180
5    0.16694703707407466 0.5344209616376308 84000.0    15.76721694601667	7500000 174
6    0.16808295098514994 0.5245426529177288 79067.0    19.01288533897651	7600000 179
7    0.25624816304308823 0.7159278493888694 55031.0    19.141870457637506	6809794 151
8    0.167794790181143 0.4918450943629081 77110.0    19.174927206372573	7800000 181
9    0.15990928007306668 0.516050980138115 78261.0    19.450871109376877	7700000 171
10    0.16874089473595935 0.5265550600423176 83531.0    41.51675951118187	7700000 182
11    0.16962499328200942 0.5486355648601546 82630.0    34.74874988092479	7900000 180
12    0.1648659616807199 0.534522057064517 79342.0    36.328548818380774	7600000 173
13    0.170366366403311 0.5275145973481601 82628.0    29.942389858106896	7600000 181
14    0.16031930586396642 0.5062811077902787 76273.0    15.106075893251637	7700000 172
15    0.15836030750253519 0.5270853635544541 82268.0    27.04868531791492	7700000 170
16    0.17067870811894428 0.4860909145467006 78691.0    15.110475121057286	7800000 184
17    0.1639499825398415 0.4853543791517458 84725.0    31.036688017400824	7600000 171
18    0.1606091789056279 0.515958670493945 83884.0    21.35050498493978	7700000 172
19    0.2668725718403743 0.6995867195563725 57128.0    19.96541409132881	6532104 152
20    0.27569604834996186 0.6839166008255706 56861.0    19.325017691895646	6379038 152
21    0.25896941018737424 0.6994452809006945 54936.0    20.84236869810965	6731754 152
22    0.16366771358400975 0.5083592926432298 84470.0    19.37669031458309	7700000 175
23    0.17214448957300002 0.549234086879184 87517.0    29.27436387082254	7800000 180
24    0.16521024360487652 0.5389030632395474 82702.0    23.5278987920386	7600000 173
25    0.16871737371697745 0.5109585044192406 80807.0    27.90562166787258	7700000 181
26    0.16141430132332407 0.5565095408957391 83869.0    17.211119203206366	7800000 164
27    0.17138697462947539 0.5192863686634428 87509.0    25.92631997800369	7900000 189
28    0.17541836338438876 0.53455765258809 75631.0    36.00222949566087	7800000 190
29    0.17534653865965236 0.5128977591237468 76854.0    14.52362001652055	7800000 192
30    0.16006042401473827 0.5466502351023119 81055.0    22.745424812532406	7800000 167
31    0.2549481525344703 0.7101480698757295 53204.0    28.299075023059657	6831395 151
32    0.2612541160614262 0.7068038729001056 53442.0    27.74246982878117	6664641 153
33    0.2540832266380994 0.7031722611967348 54732.0    18.32275218831772	6854881 151
34    0.17290890499183617 0.4879058728510111 79313.0    29.005770795197122	7600000 183
35    0.17257054146215106 0.501553548432992 79617.0    23.73073293123057	7700000 186
36    0.16780717014187707 0.49769378556057453 80135.0    40.83570568680291	7600000 179
37    0.15986545221599552 0.5175469162076883 74351.0    26.454240784996834	7500000 167
38    0.16422989173231026 0.49181524612040434 74509.0    27.60260262741844	7500000 169
39    0.16252915631311976 0.5043876665904756 80839.0    35.966060760139726	7900000 180
0    0.16675025531025003 0.5321402639152712 81450.0    4.114192829675854	7800000 181
1    0.16242462474549213 0.5031144085110449 80159.0    12.484546255559158	7800000 177
2    0.16544172331480597 0.5092971176448098 81748.0    14.109584838340531	7400000 171
3    0.17534653865965236 0.5128977591237468 76854.0    14.52362001652055	7800000 192
4    0.2627397225088951 0.71757518014066 54659.0    14.87178572290571	6647595 152
5    0.16894002565083385 0.5288118201628534 85654.0    14.964092487554034	7600000 180
6    0.16031930586396642 0.5062811077902787 76273.0    15.106075893251637	7700000 172
7    0.17067870811894428 0.4860909145467006 78691.0    15.110475121057286	7800000 184
8    0.16694703707407466 0.5344209616376308 84000.0    15.76721694601667	7500000 174
9    0.16141430132332407 0.5565095408957391 83869.0    17.211119203206366	7800000 164
10    0.16874089473595935 0.5265550600423176 81468.0    27.465831784365445	7800000 183
11    0.16962499328200942 0.5486355648601546 80246.0    37.25747410526063	7800000 179
12    0.1648659616807199 0.534522057064517 77430.0    20.202603286505575	7700000 176
13    0.170366366403311 0.5275145973481601 77366.0    20.784506435433503	7600000 181
14    0.16031930586396642 0.5062811077902787 84056.0    10.804493032312035	7700000 173
15    0.15836030750253519 0.5270853635544541 82089.0    19.579548978205068	7300000 161
16    0.17067870811894428 0.4860909145467006 81668.0    33.21748184452971	7800000 184
17    0.1639499825398415 0.4853543791517458 80608.0    25.00015397117755	7500000 168
18    0.1606091789056279 0.515958670493945 81427.0    22.560649251013302	7600000 169
19    0.17810470867732908 0.5000402336976886 79756.0    37.96014238976852	7700000 192
20    0.1839932970115447 0.48883977832427955 78455.0    40.33967778262039	7744913 199
21    0.1728303176294572 0.49993913827025677 78063.0    12.592852244024238	7700000 185
22    0.2545400918761835 0.6898219689611026 56832.0    21.88476913320124	6881100 151
23    0.26772338436437415 0.7452873286953926 52885.0    240002.73710390073	6835470 138
24    0.2569390728641574 0.7312685683980781 55743.0    240002.73710739322	6900251 148
25    0.17073149630586504 0.5055956187078612 89505.0    26.816466731365853	7700000 184
26    0.16334124093423924 0.5506685635183133 87671.0    37.88684678084801	7800000 169
27    0.17343296651186085 0.5138360758851973 81765.0    21.24123561401896	7400000 181
28    0.16731590020729042 0.5159474430242695 74774.0    18.374442179799175	7500000 175
29    0.1672473930211295 0.4950416219308856 78136.0    14.506033386951541	7500000 175
30    0.1526673343366163 0.5276190316687603 79252.0    25.959908949371865	7700000 163
31    0.1698128126857167 0.48216663878089727 78359.0    21.54195590378819	7200000 168
32    0.17401301336401404 0.47989604158637134 77204.0    20.50300118661295	7300000 175
33    0.16923671320130254 0.47743029946490356 80740.0    21.66290439484535	7500000 175
34    0.17203531373618178 0.5301407470484856 83160.0    22.18907659705846	7800000 188
35    0.17169865972759263 0.5449698141515907 82478.0    31.898115770268834	7900000 185
36    0.16695935448727572 0.5407759364254289 86721.0    28.597405052660946	7300000 167
37    0.16137006097076664 0.5581227588283255 85610.0    22.72767607707232	7900000 164
38    0.16577557736651272 0.5303737176329721 87701.0    24.85386830247624	7400000 171
39    0.16405883510303043 0.5439318198613121 81644.0    25.816402386301252	7700000 171
0    0.16675025531025003 0.5321402639152712 81450.0    4.114192829675854	7800000 181
1    0.16031930586396642 0.5062811077902787 84056.0    10.804493032312035	7700000 173
2    0.16242462474549213 0.5031144085110449 80159.0    12.484546255559158	7800000 177
3    0.1728303176294572 0.49993913827025677 78063.0    12.592852244024238	7700000 185
4    0.16544172331480597 0.5092971176448098 81748.0    14.109584838340531	7400000 171
5    0.1672473930211295 0.4950416219308856 78136.0    14.506033386951541	7500000 175
6    0.17534653865965236 0.5128977591237468 76854.0    14.52362001652055	7800000 192
7    0.2627397225088951 0.71757518014066 54659.0    14.87178572290571	6647595 152
8    0.16894002565083385 0.5288118201628534 85654.0    14.964092487554034	7600000 180
9    0.16031930586396642 0.5062811077902787 76273.0    15.106075893251637	7700000 172
10    0.16874089473595935 0.5265550600423176 79882.0    34.28020491783214	7800000 184
11    0.16962499328200942 0.5486355648601546 79089.0    28.525995155503644	7700000 177
12    0.1648659616807199 0.534522057064517 82448.0    22.609682397909136	7900000 182
13    0.16815810808947565 0.5308348761295836 83339.0    29.01556761378715	7800000 182
14    0.15824127574853672 0.5094677388865215 86186.0    22.08589846903085	7800000 172
15    0.15630766957283876 0.5304029406554603 80396.0    28.562915630992556	7400000 160
16    0.167566104624733 0.48018992152497303 76991.0    23.186620242487056	7600000 176
17    0.16096008828675307 0.47946232744139805 77304.0    25.157989917411314	7700000 172
18    0.15768020963363363 0.5096950921735728 78359.0    29.402608395137744	7600000 166
19    0.17554890793568717 0.48740646471603166 74440.0    26.51499742260042	7500000 183
20    0.18135299508774103 0.47648899450289794 79305.0    19.22086500561341	7600000 190
21    0.1703502043452215 0.48730792351561847 79966.0    31.25419148973128	7900000 186
22    0.16027858692466704 0.48959934819803824 84205.0    29.943277542277052	7700000 170
23    0.16857983124121895 0.5289657430004185 78689.0    47.53796350816483	7800000 184
24    0.1617891752173696 0.5190159643431129 78671.0    29.44701602217949	7500000 168
25    0.16902091469293912 0.47330801919141924 76790.0    25.1426980336774	7500000 174
26    0.16170470327469655 0.5155025822730387 77060.0    28.897051625795008	7900000 179
27    0.17169531850894695 0.48102223648191816 75126.0    24.1708215537164	7700000 183
28    0.1829989457973713 0.5226904249059876 80362.0    32.50596440447087	7600000 195
29    0.18292401721717386 0.5015113830131578 74802.0    18.02154225971613	7700000 198
30    0.16697732377307128 0.5345145510071995 80491.0    32.86461713798456	7800000 182
31    0.26140677870849216 0.7117821015101039 55404.0    22.48522117032772	6664945 151
32    0.26787249181857997 0.7084302096270634 57008.0    19.24004758881587	6500397 152
33    0.2605199415608439 0.7047902416827074 55977.0    22.015095943072392	6684079 151
34    0.1740890453931459 0.5245765295772491 81792.0    23.224328911821353	7900000 194
35    0.17374837245972172 0.5392499547027915 82896.0    20.53355914000812	7800000 186
36    0.168952490107458 0.5351000948112256 87473.0    12.2095065766987	7500000 175
37    0.16027536562722755 0.5077487228121207 76461.0    20.147108056075666	7700000 173
38    0.16465099606856987 0.48250420446318265 74042.0    22.545555017963398	7400000 167
39    0.16294589976810317 0.494838603986054 79709.0    30.084978256000216	7800000 176
0    0.16675025531025003 0.5321402639152712 81450.0    4.114192829675854	7800000 181
1    0.16031930586396642 0.5062811077902787 84056.0    10.804493032312035	7700000 173
2    0.168952490107458 0.5351000948112256 87473.0    12.2095065766987	7500000 175
3    0.16242462474549213 0.5031144085110449 80159.0    12.484546255559158	7800000 177
4    0.1728303176294572 0.49993913827025677 78063.0    12.592852244024238	7700000 185
5    0.16544172331480597 0.5092971176448098 81748.0    14.109584838340531	7400000 171
6    0.1672473930211295 0.4950416219308856 78136.0    14.506033386951541	7500000 175
7    0.17534653865965236 0.5128977591237468 76854.0    14.52362001652055	7800000 192
8    0.2627397225088951 0.71757518014066 54659.0    14.87178572290571	6647595 152
9    0.16894002565083385 0.5288118201628534 85654.0    14.964092487554034	7600000 180
10    0.16874089473595935 0.5265550600423176 84091.0    23.346295334048722	7600000 180
11    0.16962499328200942 0.5486355648601546 79287.0    22.83095180775615	8000000 183
12    0.1648659616807199 0.534522057064517 84279.0    27.66643600485627	7600000 174
13    0.16815810808947565 0.5308348761295836 83711.0    18.944097030938888	7600000 179
14    0.15824127574853672 0.5094677388865215 87281.0    17.570341577855572	7600000 167
15    0.15630766957283876 0.5304029406554603 84838.0    15.315616367046522	7600000 166
16    0.17430060668643285 0.5107181750088304 89783.0    26.774323795026827	7700000 188
17    0.16742909375087206 0.5099443238598298 89024.0    32.10702533802289	7600000 179
18    0.1640173963770094 0.5420991478937294 90684.0    24.025571999068752	7600000 170
19    0.1649795353444117 0.49050213601701304 77682.0    21.719052174650255	7700000 175
20    0.17043417253187357 0.479515325526996 83210.0    29.84775152492493	7700000 181
21    0.16009383304734834 0.4904029689505349 81708.0    11.565432289731119	7900000 175
22    0.1674365965995212 0.4806033016006822 79627.0    29.02122455472152	7800000 180
23    0.17610857282899628 0.5192463663510197 81777.0    38.08698563819013	7800000 193
24    0.16901464746362121 0.5094794079379893 78612.0    14.476691506049344	7800000 185
25    0.16719609733774377 0.4869376619124332 85493.0    16.8377288023957	7700000 177
26    0.15995887466237096 0.5303472832568605 81619.0    28.629051649174013	7800000 175
27    0.16984162722115503 0.4948740221231417 82007.0    19.586287072229453	7800000 184
28    0.17454634031659885 0.5044933636584176 80892.0    18.50485900473688	7600000 186
29    0.17447487264009615 0.4840516536624902 80074.0    33.182179704093734	7700000 186
30    0.15926474687302852 0.5159058419914473 78505.0    19.16000440612438	7600000 169
31    0.17445696216396056 0.5087570681825447 80296.0    34.58320086600085	7700000 189
32    0.17877203261845512 0.5063612525478686 80186.0    28.648244891588554	7600000 192
33    0.1738651071421541 0.5037595301728326 75614.0    22.247859511158428	7700000 189
34    0.27074760585729696 0.7118280706982554 54878.0    24.81464162644546	6435081 151
35    0.27021778285265763 0.7317392853804443 57340.0    240002.73711183417	6566299 147
36    0.26275910754131737 0.7261081017614172 53488.0    240002.73713146523	6698159 149
37    0.16889372265144295 0.5303447475406614 86841.0    19.829045392967107	7600000 178
38    0.17350464031363752 0.503976788136641 81641.0    31.442573831869392	7600000 184
39    0.1717078572550681 0.5168600977485165 86636.0    20.467959748693563   7600000 184
