0    0.1706213413861959 0.8733742707856024 24000.0    240004.03601802594	8100000 35
1    0.2974522055724942 0.8177892194916588 5000.0    240004.03732429087	7851689 83
2    0.40791223038018776 0.3689773954675625 56000.0    10.489961550897117	2843454 242
3    0.47880764695162964 0.7722040666091051 6000.0    240004.03848220984	4174276 126
4    0.16694703707407466 0.5344209616376308 1000.0    34.34594346705206	7800000 181
5    0.4043616139603593 0.4583974597487548 25000.0    10.231711357774076	3533629 208
6    0.17296864573163728 0.7879029652639755 84000.0    240004.0357133361	8000000 43
7    0.8293689449635794 0.3816428313184198 58000.0    10.196941270067297	1428712 241
8    0.2674429391055325 0.7214270004061741 73000.0    28.64895271908215	6549124 151
9    0.6150444100108676 0.21004284525061642 90000.0    11.031888078182199	1400000 245
10    0.8602547919014187 0.28840598275334506 34000.0    9.59905830060256	1390337 247
11    0.18891587096682577 0.5718950184147639 88000.0    33.264277642160394	7700000 178
12    0.5953111862000046 0.14901596989597438 98000.0    15.288714331501547	1400000 252
13    0.6109047031659871 0.29627985534599666 77000.0    12.791016753146017	1944193 245
14    0.3734226905629626 0.8877829915508928 61000.0    240004.03599879722	5728950 104
15    0.9235633846921257 0.13021735001810975 95000.0    16.477909798373183	900000 239
16    0.8684718252237904 0.7028550762685736 25000.0    8.845772215354172	2005600 162
17    0.43491981726984363 0.37482070022198233 13000.0    10.901272683164525	2690481 240
18    0.21237131346849109 0.4157272078099399 36000.0    32.3682978528666	6098401 218
19    0.6595828617612836 0.31967394446633907 67000.0    10.701628964157305	1754659 245
20    0.4892366175810402 0.7970973229353564 73000.0    240004.03584463216	4500643 108
21    0.4310746607550608 0.5884706160974801 90000.0    11.78053890005063	3628522 183
22    0.16206877316665663 0.661747488784437 33000.0    240004.03589777986	7500000 93
23    0.4433319813869924 0.3738761702743483 3000.0    15.598508693402092	2635343 240
24    0.6161290550871192 0.2598914105012784 47000.0    12.68779097581892	1876722 252
25    0.14474992447039423 0.6876769775444258 42000.0    240004.03584324743	7900000 91
26    0.06571728472746202 0.48510760035099465 91000.0    240004.0356934311	8100000 46
27    0.14114193026968294 0.49784506608715196 12000.0    40.84610609688206	7900000 154
28    0.8468564600115841 0.8178666059157628 6000.0    240004.0396252172	2758171 99
29    0.7459619435031115 0.7069794912108168 54000.0    10.41610595438115	2334121 160
30    0.5826243237314374 0.47718234188298236 53000.0    19.165104795784526	2460229 207
31    0.18182971189293295 0.175568906650659 55000.0    36.48647841933718	4600000 255
32    0.9451435217069885 0.20727939140060628 61000.0    14.037313922165115	900000 247
33    0.6491645750576565 0.6116545740764596 98000.0    10.614438986193534	2586148 173
34    0.46181529602273286 0.22467764825047773 8000.0    16.1744558100088	2000000 243
35    0.8694785336484951 0.6464370406311317 26000.0    10.571699579209282	2058842 162
36    0.1314234526970096 0.5528820205264295 87000.0    240004.0357283096	7700000 130
37    0.19233361112133057 0.48196355673279156 15000.0    36.48805341934652	7437618 199
38    0.85649135203437 0.21211553619130133 31000.0    18.1601795046822	1000000 242
39    0.3630732741216535 0.6072592878574379 17000.0    16.062995436677138	4563439 172
0    0.8684718252237904 0.7028550762685736 25000.0    8.845772215354172	2005600 162
1    0.8602547919014187 0.28840598275334506 34000.0    9.59905830060256	1390337 247
2    0.8293689449635794 0.3816428313184198 58000.0    10.196941270067297	1428712 241
3    0.4043616139603593 0.4583974597487548 25000.0    10.231711357774076	3533629 208
4    0.7459619435031115 0.7069794912108168 54000.0    10.41610595438115	2334121 160
5    0.40791223038018776 0.3689773954675625 56000.0    10.489961550897117	2843454 242
6    0.8694785336484951 0.6464370406311317 26000.0    10.571699579209282	2058842 162
7    0.6491645750576565 0.6116545740764596 98000.0    10.614438986193534	2586148 173
8    0.6595828617612836 0.31967394446633907 67000.0    10.701628964157305	1754659 245
9    0.43491981726984363 0.37482070022198233 13000.0    10.901272683164525	2690481 240
10    0.8788395110314771 0.6954780947464134 24282.0    13.64342030448708	1986781 162
11    0.8834440897563326 0.7246422004346469 26207.0    13.173150450788038	1988843 160
12    0.8586580115978331 0.7060009675289945 26170.0    10.871996458793722	2027807 162
13    0.9023168950331756 0.3023931799432679 33248.0    17.228669618787535	1307475 246
14    0.8491043234355017 0.2902212657233053 32663.0    15.412819712246321	1406683 246
15    0.8387288170713103 0.30214712538388633 35329.0    15.665397229515543	1406997 248
16    0.8556222532268993 0.364253215811722 60660.0    7.656238713339439	1347864 243
17    0.82189076202458 0.3637012915149644 56644.0    11.373006871469785	1402362 246
18    0.8051431198341878 0.38663467949945407 58577.0    14.028378367779485	1487369 237
19    0.4107221505780203 0.4469061695469231 25574.0    10.776414600054624	3426152 211
20    0.4243016549182419 0.4368958698334451 24352.0    23.838171263368476	3243827 214
21    0.39855902894996675 0.4468158164769348 25607.0    13.289986490586742	3530125 211
22    0.7226818229930575 0.6796360829349848 51870.0    11.386891137543861	2441544 160
23    0.7601113916641127 0.7342824431910441 56062.0    11.381260092432553	2345009 156
24    0.7294929305908264 0.7204706833968173 52788.0    13.985764163346524	2399102 159
25    0.4122378056116298 0.35277833709009426 55575.0    10.826933739070151	2773757 244
26    0.3943937479935163 0.38422789466067225 55382.0    11.754914572814727	3020536 236
27    0.4187606099783754 0.3585280996915034 55366.0    14.191202665679622	2739684 243
28    0.9074239860528897 0.6587793481876639 26885.0    15.655706499105861	1972168 160
29    0.9070524429786069 0.6320860805313698 25073.0    11.193732355523986	1944539 165
30    0.8279786971361928 0.6736820319076616 24716.0    7.11112787819475	2141090 161
31    0.6458712021047524 0.6067166064036233 95267.0    13.989423227762623	2561075 177
32    0.6618463727545303 0.6038594841691703 98689.0    12.260376705041848	2477436 178
33    0.6436800478529283 0.6007568085133309 94014.0    8.033921089218302	2523029 180
34    0.6796858844985881 0.3171136536486256 68441.0    15.756527626516224	1707167 247
35    0.6783558146854287 0.32598393889918803 68847.0    8.22859714555313	1696514 247
36    0.6596315260250587 0.32347529209906356 64839.0    10.620758090798965	1748342 247
37    0.4348006146595886 0.37590723590676045 13337.0    11.293480521764456	2696180 239
38    0.4466709778808698 0.3572176820231199 12723.0    16.26693079645074	2566117 243
39    0.44204533303148585 0.36634934464067 12425.0    14.216100006776275	2615142 241
0    0.8279786971361928 0.6736820319076616 24716.0    7.11112787819475	2141090 161
1    0.8556222532268993 0.364253215811722 60660.0    7.656238713339439	1347864 243
2    0.6436800478529283 0.6007568085133309 94014.0    8.033921089218302	2523029 180
3    0.6783558146854287 0.32598393889918803 68847.0    8.22859714555313	1696514 247
4    0.8684718252237904 0.7028550762685736 25000.0    8.845772215354172	2005600 162
5    0.8602547919014187 0.28840598275334506 34000.0    9.59905830060256	1390337 247
6    0.8293689449635794 0.3816428313184198 58000.0    10.196941270067297	1428712 241
7    0.4043616139603593 0.4583974597487548 25000.0    10.231711357774076	3533629 208
8    0.7459619435031115 0.7069794912108168 54000.0    10.41610595438115	2334121 160
9    0.40791223038018776 0.3689773954675625 56000.0    10.489961550897117	2843454 242
10    0.837862982081365 0.6666112429655396 23875.0    11.977597286907034	2126860 160
11    0.8422528689870048 0.6945648491102455 24068.0    10.899379908984514	2073995 161
12    0.818622459680978 0.676697348276624 24516.0    15.01501287520687	2160415 160
13    0.8974578486759046 0.38191887415896714 61029.0    8.511031844430295	1321052 241
14    0.8445318308971894 0.366545895918784 57669.0    14.032991213244332	1369142 246
15    0.8342121974382726 0.3816081102709776 60382.0    14.6076420106505	1420318 240
16    0.6640554559530876 0.5733832302464791 90042.0    12.650834376146094	2258745 194
17    0.637876168673151 0.5725144276597368 97803.0    18.589891484134494	2346294 195
18    0.6248781860599862 0.6086146445205246 98576.0    10.998012178691502	2662411 175
19    0.6890262315849243 0.3178120436075346 70385.0    6.8672254779472555	1682814 247
20    0.711807166796639 0.3106933372081808 67107.0    10.52406120741914	1641610 246
21    0.6686214157066173 0.31774779008906495 66201.0    12.033724978261446	1734283 245
22    0.8413683933035908 0.6756711854371182 24586.0    9.523151168256387	2103720 161
23    0.8849450477216924 0.7299987468205351 25237.0    7.383823022095387	1999425 157
24    0.8492980941398712 0.7162675628127099 26175.0    9.212588928350307	2054992 161
25    0.869377089649417 0.2757442169963605 35632.0    14.030275206134375	1378416 249
26    0.8317453764285604 0.3003263205878469 34077.0    9.58625339706091	1421739 247
27    0.8831331707257272 0.28023843792703973 34482.0    14.678686028454031	1358592 247
28    0.8655639499106722 0.38892947008571394 58648.0    10.070717725071482	1390795 239
29    0.8652095463508358 0.37317032634057457 56459.0    14.749633524644063	1348823 244
30    0.7897835218710253 0.39772770108372424 57113.0    11.49243880449911	1557956 232
31    0.40231018716694344 0.45469675687905525 24701.0    22.89882999733568	3538700 208
32    0.41226104714210865 0.4525555196023743 25696.0    19.27482764893943	3444107 209
33    0.4009453273089868 0.45023025514864473 25909.0    19.80772361261818	3529461 210
34    0.7686976614557626 0.7013172433767604 54921.0    15.344212047626963	2266672 160
35    0.7671934054777195 0.7209344497893956 51818.0    10.445305834437436	2282068 159
36    0.7460169808469987 0.7153864160222382 52485.0    21.32492845705592	2338470 161
37    0.4078004299961043 0.37004699249572703 54718.0    11.672028268349	2848422 240
38    0.4189336691467396 0.3516488012796275 58193.0    18.42028062900589	2728229 244
39    0.41459526691134974 0.36063810493045756 58028.0    13.478360186513452	2771914 244
0    0.6890262315849243 0.3178120436075346 70385.0    6.8672254779472555	1682814 247
1    0.8279786971361928 0.6736820319076616 24716.0    7.11112787819475	2141090 161
2    0.8849450477216924 0.7299987468205351 25237.0    7.383823022095387	1999425 157
3    0.8556222532268993 0.364253215811722 60660.0    7.656238713339439	1347864 243
4    0.6436800478529283 0.6007568085133309 94014.0    8.033921089218302	2523029 180
5    0.6783558146854287 0.32598393889918803 68847.0    8.22859714555313	1696514 247
6    0.8974578486759046 0.38191887415896714 61029.0    8.511031844430295	1321052 241
7    0.8684718252237904 0.7028550762685736 25000.0    8.845772215354172	2005600 162
8    0.8492980941398712 0.7162675628127099 26175.0    9.212588928350307	2054992 161
9    0.8413683933035908 0.6756711854371182 24586.0    9.523151168256387	2103720 161
10    0.6972517229305831 0.3144763722118615 67596.0    9.338443483071352	1668830 247
11    0.7009048932864617 0.32766359151455293 67965.0    13.517270100122394	1639812 245
12    0.6812401701103017 0.31923453049594036 68445.0    14.116995304502476	1699612 248
13    0.8684626626748946 0.7063544589275241 24565.0    14.016578894480766	2004892 162
14    0.8172465856271572 0.6779223167589509 23987.0    11.35707269777987	2161951 161
15    0.8072603602408812 0.7057797047773438 24473.0    12.266530915500315	2156937 161
16    0.9129575930129272 0.696736239350589 24517.0    9.874599766564838	1911463 162
17    0.8769657509346456 0.6956805296348294 24795.0    7.4998686923715	1990840 161
18    0.859095847428609 0.739547053817118 26324.0    13.762355433679492	2098830 154
19    0.8690810398294002 0.3551219710353284 62479.0    15.990864817086466	1317192 246
20    0.8978150385576372 0.34716755552902945 59941.0    15.781216051189213	1271686 246
21    0.8433440826742924 0.35505017439771236 60568.0    11.782670338793261	1357336 246
22    0.6235919599625962 0.5775217092015639 91899.0    10.640010155412286	2431481 192
23    0.6558894072561641 0.623957530031493 93555.0    16.955048740866413	2645422 167
24    0.6294691687165372 0.6122209678863569 91100.0    10.460387086668122	2671502 172
25    0.6855492227069856 0.31167240404309354 69624.0    11.764396846524523	1702599 246
26    0.6558746521957086 0.339457441228102 72138.0    9.168688708713391	1741817 245
27    0.6963966107985692 0.31675220102677454 70999.0    16.38558934960208	1666829 246
28    0.9366243637352045 0.389210783363168 62383.0    8.027117090573174	1286120 238
29    0.9362408646202385 0.37344024100538087 58072.0    18.084771485577892	1247023 243
30    0.8546225714891887 0.3980153781350453 58349.0    9.969521280642324	1440849 235
31    0.8640658521786697 0.6971808349689913 23850.0    10.269134202630665	2019248 162
32    0.8854379142805517 0.6938977027059207 25841.0    10.334263224890398	1973507 161
33    0.8611344603474697 0.690332403880167 25791.0    14.445697267628816	2033317 162
34    0.8751833314422051 0.710530926168279 27466.0    8.686742079679512	1990179 161
35    0.8734706948306764 0.7304058571967691 27264.0    9.169437179545742	2026966 157
36    0.8493607556625897 0.7247849351273062 26347.0    13.256026626711867	2068977 159
37    0.8411377914669179 0.6776298308740404 25104.0    9.499993619498342	2101031 161
38    0.8641014459955014 0.6439390741458993 24108.0    13.494317228746853	2069018 163
39    0.8551529657920701 0.6604002816036459 24050.0    11.672624340305545	2091281 161
0    0.6890262315849243 0.3178120436075346 70385.0    6.8672254779472555	1682814 247
1    0.8279786971361928 0.6736820319076616 24716.0    7.11112787819475	2141090 161
2    0.8849450477216924 0.7299987468205351 25237.0    7.383823022095387	1999425 157
3    0.8769657509346456 0.6956805296348294 24795.0    7.4998686923715	1990840 161
4    0.8556222532268993 0.364253215811722 60660.0    7.656238713339439	1347864 243
5    0.9366243637352045 0.389210783363168 62383.0    8.027117090573174	1286120 238
6    0.6436800478529283 0.6007568085133309 94014.0    8.033921089218302	2523029 180
7    0.6783558146854287 0.32598393889918803 68847.0    8.22859714555313	1696514 247
8    0.8974578486759046 0.38191887415896714 61029.0    8.511031844430295	1321052 241
9    0.8751833314422051 0.710530926168279 27466.0    8.686742079679512	1990179 161
10    0.6972517229305831 0.3144763722118615 72944.0    12.647619435524824	1668830 247
11    0.7009048932864617 0.32766359151455293 69831.0    11.23954000855359	1639812 247
12    0.6812401701103017 0.31923453049594036 72727.0    8.239626607613983	1699612 246
13    0.8684626626748946 0.7063544589275241 25623.0    17.559157823733933	2004892 161
14    0.8172465856271572 0.6779223167589509 24166.0    7.22721172253912	2161951 161
15    0.8072603602408812 0.7057797047773438 25844.0    21.62094994106521	2156937 161
16    0.9129575930129272 0.696736239350589 25719.0    12.112656539433166	1911463 161
17    0.8769657509346456 0.6956805296348294 26353.0    8.920320435654705	1990840 161
18    0.859095847428609 0.739547053817118 25115.0    13.416164961450047	2098830 153
19    0.8907602669783994 0.6782409328748923 23817.0    12.153795590479854	1983027 161
20    0.9202110353250955 0.6630489407327615 25143.0    15.637657735422035	1940796 161
21    0.8643813014089795 0.678103809794808 23699.0    10.055095537086862	2043766 161
22    0.828919833164202 0.3501652195974801 61274.0    13.766229739994095	1378192 247
23    0.8718517443194064 0.3783203679478017 62907.0    14.230145696491716	1350416 241
24    0.8367322092251125 0.37120420972311297 61426.0    12.707314376220047	1390555 244
25    0.9465564982661111 0.37212342712322627 65163.0    16.246525341724748	1230907 245
26    0.9055840099015365 0.40529756485857116 63176.0    12.01135839989917	1387210 231
27    0.961533782678687 0.37818848594183196 60527.0    16.068331083402843	1224165 240
28    0.6717712883772583 0.6122269515145938 90479.0    8.906048048881836	2503318 175
29    0.671496232864582 0.5874199536508407 96089.0    10.468721792267171	2322130 186
30    0.6129574759683342 0.6260765426536914 89410.0    15.61358521932206	2844273 168
31    0.6749143473312809 0.323352227766187 70379.0    10.492073356552323	1708937 246
32    0.6916078797839817 0.32182951216921835 71454.0    9.285325493289987	1669979 246
33    0.6726246625815153 0.32017592781902476 71535.0    9.049807867209797	1719797 246
34    0.9248109176891407 0.3788600593773839 58301.0    15.865813869587592	1274363 243
35    0.9230011654012791 0.38945751160959236 62562.0    13.919005480609993	1305856 239
36    0.8975240634428536 0.3864603966487047 62982.0    16.440207369339785	1333758 237
37    0.8749434616238682 0.7125906235274778 28714.0    9.574347589115744	1991739 161
38    0.8988300347734753 0.6771616677020645 27328.0    20.859250535424543	1966905 161
39    0.8895219115089046 0.6944721542714068 27294.0    11.569950309672878	1963874 161
0    0.6890262315849243 0.3178120436075346 70385.0    6.8672254779472555	1682814 247
1    0.8279786971361928 0.6736820319076616 24716.0    7.11112787819475	2141090 161
2    0.8172465856271572 0.6779223167589509 24166.0    7.22721172253912	2161951 161
3    0.8849450477216924 0.7299987468205351 25237.0    7.383823022095387	1999425 157
4    0.8769657509346456 0.6956805296348294 24795.0    7.4998686923715	1990840 161
5    0.8556222532268993 0.364253215811722 60660.0    7.656238713339439	1347864 243
6    0.9366243637352045 0.389210783363168 62383.0    8.027117090573174	1286120 238
7    0.6436800478529283 0.6007568085133309 94014.0    8.033921089218302	2523029 180
8    0.6783558146854287 0.32598393889918803 68847.0    8.22859714555313	1696514 247
9    0.6812401701103017 0.31923453049594036 72727.0    8.239626607613983	1699612 246
10    0.6972517229305831 0.3144763722118615 70998.0    17.491835327081333	1668830 246
11    0.7009048932864617 0.32766359151455293 68980.0    9.30831042863207	1639812 248
12    0.6812401701103017 0.31923453049594036 67310.0    13.507078754955039	1699612 245
13    0.8684626626748946 0.7063544589275241 23547.0    9.863176855375087	2004892 161
14    0.8172465856271572 0.6779223167589509 24299.0    21.163336997047946	2161951 161
15    0.8072603602408812 0.7057797047773438 25117.0    9.821445772453664	2156937 162
16    0.843116165950734 0.6470326799979971 24494.0    9.990637845181306	2123703 162
17    0.8098777065405875 0.646052282183001 23794.0    11.73996867340205	2209998 162
18    0.7933748540037056 0.6867894695156398 25320.0    8.752838166255964	2212121 161
19    0.8988650766916118 0.7116988473156688 26398.0    14.176641595791956	1938249 161
20    0.9285838103733217 0.6957574277228505 26201.0    11.06034508529014	1880107 162
21    0.8722460953690232 0.7115549598955706 24329.0    12.255212347337212	1997328 161
22    0.8495972389847282 0.6687741243036458 24798.0    17.14699292375437	2094342 161
23    0.893600086693855 0.7225471252438028 25918.0    11.55787217105645	1962049 161
24    0.8576044947719655 0.7089561052944399 24517.0    11.102373722666846	2030497 162
25    0.8646954266950726 0.34826156109358536 61962.0    14.758856951230412	1320605 246
26    0.8272663631641978 0.3793084561653622 58404.0    11.99087066351018	1425830 240
27    0.878377430209484 0.353937706959007 63042.0    16.695140008472737	1302454 248
28    0.9775001689903099 0.3966419156941635 61202.0    11.972984636460032	1255197 235
29    0.9770999333524155 0.38057026917328096 59572.0    14.07245913741672	1210124 240
30    0.8919196856273444 0.4056146150296021 60063.0    11.525842683976695	1409730 231
31    0.6404144992672949 0.5959068199325143 94635.0    12.155453531569657	2498146 181
32    0.6562547022041147 0.5931006026526155 98440.0    15.36884690917687	2416967 184
33    0.6382418571856749 0.5900532069429235 98086.0    18.541523936227208	2462358 185
34    0.6990310067760617 0.323373110897929 69030.0    7.717756193268011	1649948 248
35    0.6976630807064168 0.33241848533394963 66617.0    13.283259370443867	1642307 247
36    0.6784058640245082 0.32986032074353666 72185.0    9.561427452636433	1691583 246
37    0.681053456138523 0.3201599321853129 72345.0    8.931945519760465	1698539 246
38    0.6996466954875578 0.30424205210107774 70306.0    16.980368181570448	1682631 247
39    0.6924012793006263 0.3120194828209779 72972.0    6.477582330479413	1685092 245
0    0.6924012793006263 0.3120194828209779 72972.0    6.477582330479413	1685092 245
1    0.6890262315849243 0.3178120436075346 70385.0    6.8672254779472555	1682814 247
2    0.8279786971361928 0.6736820319076616 24716.0    7.11112787819475	2141090 161
3    0.8172465856271572 0.6779223167589509 24166.0    7.22721172253912	2161951 161
4    0.8849450477216924 0.7299987468205351 25237.0    7.383823022095387	1999425 157
5    0.8769657509346456 0.6956805296348294 24795.0    7.4998686923715	1990840 161
6    0.8556222532268993 0.364253215811722 60660.0    7.656238713339439	1347864 243
7    0.6990310067760617 0.323373110897929 69030.0    7.717756193268011	1649948 248
8    0.9366243637352045 0.389210783363168 62383.0    8.027117090573174	1286120 238
9    0.6436800478529283 0.6007568085133309 94014.0    8.033921089218302	2523029 180
10    0.7006670614574388 0.3087446086156947 73799.0    10.704957858320801	1671437 247
11    0.7043381260874386 0.3216914727432033 75415.0    10.940745336427536	1640005 248
12    0.6845770794681449 0.313416042933055 70482.0    10.856656136886318	1701703 245
13    0.7227161251911571 0.3332253844849766 71404.0    20.918461688143854	1584674 245
14    0.6800951970358511 0.3198124140051987 68526.0    12.128002506817486	1701506 248
15    0.6717848730269574 0.3329542420433064 71083.0    12.380851371050172	1705065 247
16    0.8541879977175318 0.6429856043914566 24819.0    10.181571699422134	2091725 162
17    0.8205130496648485 0.6420113387923507 24575.0    18.64336230232124	2176007 163
18    0.8037934810758498 0.6824937221835047 24283.0    10.651276644791103	2190312 160
19    0.8301017297706108 0.6609278899564006 25288.0    15.570171165651617	2153859 160
20    0.8575469747528489 0.6461236945384505 25335.0    12.724160096870337	2087214 162
21    0.8055191055107594 0.6607942671336077 23295.0    15.940915806500794	2219731 160
22    0.8573275163782177 0.7017650370406746 25754.0    18.599371591583946	2032127 162
23    0.9017307352317959 0.7581906830476127 25498.0    240004.03709010052	2109591 141
24    0.8654076282266047 0.7439292122885335 25914.0    14.642263227453835	2106933 150
25    0.8862652547213555 0.6651383618759014 24119.0    15.18154952438498	2012626 160
26    0.8479025231744124 0.7244342567904293 24003.0    10.511413828245916	2071741 159
27    0.9002885558230443 0.6759791286571676 24275.0    9.862476598658185	1965560 161
28    0.8929629950963098 0.3712078377399687 59831.0    15.757024107788386	1302998 245
29    0.8925973730480522 0.356166761852926 57978.0    13.841326994286542	1283266 245
30    0.8147837710205531 0.3796051759616992 61778.0    18.028228612797637	1448492 240
31    0.6954846490427348 0.3207624773221244 68868.0    9.4957750656741	1662333 245
32    0.7126869734636905 0.31925195726010125 68146.0    8.02053058282708	1624590 248
33    0.6931251783915241 0.3176116165817846 71283.0    9.360379186154892	1673206 246
34    0.9651711650123076 0.38609356717445636 63684.0    12.032682712757397	1239269 239
35    0.9632824322014713 0.3968933546791577 62479.0    16.90346120903766	1274558 234
36    0.9366934682218999 0.3938390163348552 61979.0    14.48744988346013	1300532 236
37    0.6435036283410404 0.6024982910673536 94995.0    12.10471594570316	2537363 180
38    0.6610717309266377 0.572542963794809 93785.0    13.489464130864247	2264130 194
39    0.6542257901813009 0.5871790510954594 98360.0    8.680819214988432	2381737 186
0    0.6924012793006263 0.3120194828209779 72972.0    6.477582330479413	1685092 245
1    0.6890262315849243 0.3178120436075346 70385.0    6.8672254779472555	1682814 247
2    0.8279786971361928 0.6736820319076616 24716.0    7.11112787819475	2141090 161
3    0.8172465856271572 0.6779223167589509 24166.0    7.22721172253912	2161951 161
4    0.8849450477216924 0.7299987468205351 25237.0    7.383823022095387	1999425 157
5    0.8769657509346456 0.6956805296348294 24795.0    7.4998686923715	1990840 161
6    0.8556222532268993 0.364253215811722 60660.0    7.656238713339439	1347864 243
7    0.6990310067760617 0.323373110897929 69030.0    7.717756193268011	1649948 248
8    0.7126869734636905 0.31925195726010125 68146.0    8.02053058282708	1624590 248
9    0.9366243637352045 0.389210783363168 62383.0    8.027117090573174	1286120 238
10    0.7006670614574388 0.3087446086156947 69978.0    7.456742541497438	1671437 247
11    0.7043381260874386 0.3216914727432033 72160.0    10.87620143414267	1640005 248
12    0.6845770794681449 0.313416042933055 76292.0    9.932074055493446	1701703 245
13    0.7227161251911571 0.3332253844849766 71474.0    7.252679413604653	1584674 246
14    0.6800951970358511 0.3198124140051987 69529.0    12.373814299897118	1701506 246
15    0.6717848730269574 0.3329542420433064 67952.0    9.605291321811563	1705065 246
16    0.8541879977175318 0.6429856043914566 24145.0    12.893153155845981	2091725 163
17    0.8205130496648485 0.6420113387923507 23921.0    13.542794443455493	2176007 163
18    0.8037934810758498 0.6824937221835047 25632.0    12.015489938867587	2190312 161
19    0.8301017297706108 0.6609278899564006 24189.0    11.418308114480983	2153859 161
20    0.8575469747528489 0.6461236945384505 23432.0    11.825608931426085	2087214 162
21    0.8055191055107594 0.6607942671336077 25096.0    16.134507926936177	2219731 160
22    0.8573275163782177 0.7017650370406746 26474.0    12.807575246116734	2032127 162
23    0.9017307352317959 0.7581906830476127 26284.0    240004.03704702653	2109591 140
24    0.8654076282266047 0.7439292122885335 24706.0    11.177759911419416	2106933 150
25    0.8862652547213555 0.6651383618759014 24069.0    10.98439964949654	2012626 161
26    0.8479025231744124 0.7244342567904293 25306.0    9.794535315519854	2071741 159
27    0.9002885558230443 0.6759791286571676 25328.0    10.93226686821621	1965560 162
28    0.8929629950963098 0.3712078377399687 61023.0    13.951935179707219	1302998 243
29    0.8925973730480522 0.356166761852926 61140.0    15.546948176389453	1283266 246
30    0.8147837710205531 0.3796051759616992 60720.0    15.438366231415381	1448492 242
31    0.6954846490427348 0.3207624773221244 72463.0    15.458193889967587	1662333 247
32    0.7126869734636905 0.31925195726010125 70497.0    12.469560200862494	1624590 246
33    0.6931251783915241 0.3176116165817846 70211.0    12.348683105716338	1673206 248
34    0.7344085239507113 0.3166950461672231 68045.0    12.7685191311503	1580651 245
35    0.7329713680077798 0.32555362215290423 70123.0    13.441740980181057	1570647 246
36    0.7127395557681687 0.3230482869046686 70534.0    10.544894179418097	1618678 247
37    0.9363676541888644 0.39033903322976843 59846.0    15.194794713953245	1289899 238
38    0.9619311510863628 0.3709319516479565 60600.0    19.77940643874937	1209088 244
39    0.9519695639342391 0.38041419624832123 65311.0    10.99582679598014	1241691 241
0    0.6924012793006263 0.3120194828209779 72972.0    6.477582330479413	1685092 245
1    0.6890262315849243 0.3178120436075346 70385.0    6.8672254779472555	1682814 247
2    0.8279786971361928 0.6736820319076616 24716.0    7.11112787819475	2141090 161
3    0.8172465856271572 0.6779223167589509 24166.0    7.22721172253912	2161951 161
4    0.7227161251911571 0.3332253844849766 71474.0    7.252679413604653	1584674 246
5    0.8849450477216924 0.7299987468205351 25237.0    7.383823022095387	1999425 157
6    0.7006670614574388 0.3087446086156947 69978.0    7.456742541497438	1671437 247
7    0.8769657509346456 0.6956805296348294 24795.0    7.4998686923715	1990840 161
8    0.8556222532268993 0.364253215811722 60660.0    7.656238713339439	1347864 243
9    0.6990310067760617 0.323373110897929 69030.0    7.717756193268011	1649948 248
10    0.7006670614574388 0.3087446086156947 76310.0    3.766015992488893	1671437 247
11    0.7043381260874386 0.3216914727432033 75560.0    9.3273155566912	1640005 248
12    0.6845770794681449 0.313416042933055 69720.0    13.657625841960296	1701703 246
13    0.7227161251911571 0.3332253844849766 72219.0    14.626511001372327	1584674 247
14    0.6800951970358511 0.3198124140051987 69904.0    11.02030224964635	1701506 246
15    0.6717848730269574 0.3329542420433064 72442.0    7.610073254650467	1705065 247
16    0.8541879977175318 0.6429856043914566 24106.0    13.762164963910356	2091725 163
17    0.8205130496648485 0.6420113387923507 24655.0    15.265196193434516	2176007 162
18    0.8037934810758498 0.6824937221835047 24232.0    9.442003528886405	2190312 160
19    0.8301017297706108 0.6609278899564006 23443.0    12.350493705526707	2153858 160
20    0.8575469747528489 0.6461236945384505 25042.0    7.419266850435288	2087214 162
21    0.8055191055107594 0.6607942671336077 25372.0    17.167168087318554	2219731 160
22    0.7001614645472134 0.3203374325017601 71321.0    9.364547258001602	1651901 245
23    0.7364246453610862 0.3460942679310921 73476.0    14.990405425710343	1550233 245
24    0.7067603230200774 0.3395842785678039 68909.0    10.930679266648841	1616356 247
25    0.8943291654179049 0.6979499209019726 25630.0    13.419084635244419	1950328 161
26    0.8556173807634161 0.7601709075981631 24939.0    240004.03702067034	2237921 140
27    0.9084800611050211 0.7093254673313832 24636.0    14.464854161243261	1916871 162
28    0.7312453076164275 0.314639414569629 71515.0    12.804070486449238	1590970 245
29    0.7309459005764742 0.3018904506996592 67734.0    13.499115923238639	1614941 248
30    0.6672245239194228 0.32175708104487 72487.0    12.904232405703125	1731124 248
31    0.8725166860969734 0.6900642093920759 23998.0    12.549965550278364	2007125 162
32    0.894097773641603 0.6868145904183326 25327.0    12.495551532828117	1962884 162
33    0.8695566243380677 0.6832856851586957 24721.0    19.569443040092253	2023450 161
34    0.8817002407070977 0.3613358865144525 60301.0    16.149174510141847	1304223 246
35    0.8799748512276839 0.371443153570823 59154.0    11.771029148322834	1322689 243
36    0.8556853813483787 0.3685846701689099 59634.0    12.526354057172359	1354787 245
37    0.6988394167004933 0.32431050956422525 65891.0    11.05336102750955	1649062 246
38    0.7179182253081531 0.3081862688884354 65756.0    14.10543476948722	1632325 247
39    0.7104835924225995 0.31606452680364305 66454.0    8.534033811500155	1634962 247
0    0.7006670614574388 0.3087446086156947 76310.0    3.766015992488893	1671437 247
1    0.6924012793006263 0.3120194828209779 72972.0    6.477582330479413	1685092 245
2    0.6890262315849243 0.3178120436075346 70385.0    6.8672254779472555	1682814 247
3    0.8279786971361928 0.6736820319076616 24716.0    7.11112787819475	2141090 161
4    0.8172465856271572 0.6779223167589509 24166.0    7.22721172253912	2161951 161
5    0.7227161251911571 0.3332253844849766 71474.0    7.252679413604653	1584674 246
6    0.8849450477216924 0.7299987468205351 25237.0    7.383823022095387	1999425 157
7    0.8575469747528489 0.6461236945384505 25042.0    7.419266850435288	2087214 162
8    0.7006670614574388 0.3087446086156947 69978.0    7.456742541497438	1671437 247
9    0.8769657509346456 0.6956805296348294 24795.0    7.4998686923715	1990840 161
10    0.7090315192763369 0.3055041066264137 78611.0    13.99673331619676	1657932 245
11    0.712746408522816 0.3183150838824131 79419.0    9.48373781240874	1625978 246
12    0.6927494575061321 0.31012651080113907 78448.0    12.086667037184984	1687861 246
13    0.7262561956494571 0.3271518944015214 74913.0    20.573656170369997	1583180 245
14    0.6834264979878278 0.31398339372203965 70104.0    8.664689118270587	1703506 245
15    0.6750754676331127 0.32688569390307465 72881.0    9.646118547376968	1703554 246
16    0.7108370531368537 0.30333088796093005 70041.0    8.14255135641912	1657886 247
17    0.6828134788156635 0.30287127448394363 68518.0    7.7449200598307835	1726841 245
18    0.6688998100480376 0.3219689917842171 71925.0    11.14131758807847	1726451 246
19    0.8410026554941546 0.6567939022556045 24954.0    11.581788161108845	2129356 160
20    0.8688083124190332 0.6420823044760776 25871.0    12.264447838351357	2055161 163
21    0.8160972113297833 0.6566611152200652 25588.0    10.374258953113248	2194421 161
22    0.7917418006102644 0.6517027348377118 24330.0    12.904645942574485	2263459 161
23    0.8327481648951061 0.7041031051564953 24725.0    13.254592916386573	2091232 162
24    0.799203782387077 0.6908590148899105 24986.0    13.90347822891531	2190177 162
25    0.7303799379863188 0.31859593150917503 74664.0    8.39439567025223	1586272 245
26    0.6987648325323071 0.3469981887804055 67950.0    8.061303337694385	1633908 246
27    0.7419366787413597 0.3237885717009245 68299.0    7.364763838360979	1553969 248
28    0.9235654838673917 0.7439364831859291 24867.0    9.946458368837451	1974295 150
29    0.9231873316866563 0.7137927093721403 25539.0    12.66681234235138	1888424 161
30    0.842707001143686 0.760765562827219 26387.0    240004.03691853225	2276754 138
31    0.853196426184722 0.6409074531311141 24417.0    10.871302664683947	2090736 164
32    0.8742996406672141 0.6378893209170942 25890.0    11.722738663028482	2034034 165
33    0.8503019094903974 0.6346117973888309 24926.0    12.305455951932917	2082538 165
34    0.722022264396076 0.30627185160768483 73333.0    10.091443438752115	1626652 245
35    0.7206093469878961 0.31483887058249166 67164.0    11.943014509659701	1614103 246
36    0.7007187569284313 0.31241599193421005 71561.0    7.87576214532063	1664351 245
37    0.8767253925916483 0.6976971784490649 24216.0    16.598125639925414	1989682 161
38    0.9006606137125545 0.6630087027680005 24256.0    9.959056453268193	1982969 161
39    0.8913335332995227 0.6799573928549182 23594.0    16.600664741226197	1979073 162
